                    ctW                 ctp                 cpQM                ctei                ctli                cQei                ctZ                 cQlMi               cQl3i               ctG                 ctlTi               cbW                 cpQ3                cptb                cpt                 ctlSi               
MGStart             -3.82938339915      51.5062062557       23.0000124344       8.93828951283       -7.00974090327      8.96855086056       5.72751055834       6.95272177518       9.24355579955       2.43053913035       2.11679164231       -7.3794276293       -14.4494733355      -21.85052276        -20.3170157881      -9.9933595226       
rwgt0               -2.40033016446      19.2961999354       34.0460521404       5.19125770114       -8.86739502276      -7.76792982174      -5.62420083026      1.31956134002       -8.46124624264      -2.7049413252       2.20100629137       6.40909107569       -14.7298789577      -24.5049593358      9.48699673608       9.69389374031       
rwgt1               -5.5624827606       -14.035627804       22.8752335583       1.87248377896       -7.43132364144      0.691498759471      -5.93474112111      -6.62619414699      4.96315266867       -0.950533644517     -0.248426342095     4.05244735374       -4.39659257533      -6.38794834449      -21.1491171753      1.54618252426       
rwgt2               2.50850174059       52.0943470801       -6.89322222938      -6.8474567694       -7.00306865723      -7.56358082839      4.5195083347        -4.94916252537      -0.992347646104     1.08937704465       2.82154257726       6.41179171793       2.07002719426       -2.97477998385      -17.3232616659      -8.57836306606      
rwgt3               4.82414476348       29.692502792        11.1973647806       -2.34355522712      -3.43852180941      4.71471136784       5.79435333643       9.37048332428       0.369967163136      1.23047585549       -0.494131917072     0.0277792347478     -7.09525707505      -22.6977006135      14.0825544647       1.84907539979       
rwgt4               -5.15364293729      -1.04972101836      39.1856528979       8.88568901709       1.08206839787       5.77281716248       1.28933481252       -8.15894755759      0.943689190485      -2.10418705526      -1.74928335958      1.77655708692       -0.391639076689     -16.281935906       10.0463605499       0.834324968452      
rwgt5               4.01596761954       56.5172107708       17.5108396477       5.23868001055       7.20690896598       -0.945427229702     0.501783853317      -7.01426804297      -3.49504520309      1.9454582107        0.886502250008      -6.09688843786      -10.68773902        -18.8007404439      -32.447292306       9.14289598784       
rwgt6               -3.83948957166      60.3634874251       20.0767931335       -0.00506022379989   -5.24794191744      -4.28080725514      -1.91340166445      -6.30789403281      7.67631859997       2.81564310601       1.86471016798       -4.14706117722      1.36830287125       11.7850397799       8.21533295751       3.35570823068       
rwgt7               -5.44924650816      40.5369261605       33.6175743089       5.37661838567       4.90264833564       2.21591957343       -0.489656683355     7.89917505376       5.22735483632       -2.09245287685      -1.78595493731      -5.77355761846      -10.6425290578      -18.9756971862      -22.4189583803      -11.2946026949      
rwgt8               5.05807841747       35.1107721862       0.312551213528      -6.641932236        -5.09903749851      0.13317995385       -4.09701967492      8.74441684404       9.84751819641       -0.133085476179     0.102857086133      -4.50055320828      -8.93687129305      -16.3244453553      -14.111589389       -1.18308143443      
rwgt9               -1.64979995167      29.814204353        28.8247028998       3.78287130354       -7.43075597029      2.05288240924       -4.61656138776      4.91169282257       -11.6073251127      1.4621548499        -2.30783248896      7.18734234793       5.04517021622       -18.4823047706      -29.5582317424      10.575785699        
rwgt10              -5.66210656944      -6.20240057464      17.5291467573       6.9128827037        5.27058160921       4.917541146         1.35844947558       -5.96912692394      4.94493038878       -0.602331730835     -1.30605706844      -5.06032903459      -6.35197733344      -2.69104542891      -5.18326520248      5.70684861101       
rwgt11              -0.839192348069     19.7216829463       19.5182825569       -3.9901409866       -2.92115798494      6.80456943924       -2.4295500765       -7.70851559506      -11.357960538       1.89763277724       -1.05481686152      5.19240844746       -9.68804877556      -21.6320554631      -20.0705611515      9.67201782387       
rwgt12              -2.62042592681      51.4041259159       36.3722123369       -1.6050927498       1.71294404288       4.77815098491       -5.02238602393      -5.18261513173      -4.78990422285      2.68710239913       0.302475616702      4.92326280818       -6.14907505606      -10.137879289       -35.4943160246      -4.68774166914      
rwgt13              0.528405590636      45.5654499598       -5.6055755711       -7.60077905029      -5.10321900175      3.40843614978       5.70235415273       5.96747902369       -0.356635387851     -0.380828333961     1.28606117981       -0.0309362011549    -14.979847252       -0.0980099420932    -11.7440228922      -5.50802353495      
rwgt14              0.310715071988      -0.298084259385     -11.4440330253      1.66800039135       4.5161814154        -1.04783449195      0.827793276424      4.43116074496       5.81869660827       0.227187078064      -2.67696544108      4.19320237453       -0.809782295542     -23.3097677907      -32.3020878417      -9.4859160953       
rwgt15              -2.25222972501      -7.67207221262      7.07402595873       7.45521313378       0.182303458757      -2.22906764374      -5.67321908756      4.48072804796       -4.53952681182      -0.918968739129     -0.0856601717003    -3.58589070274      -14.2264585775      1.48731930315       -28.5243075481      -3.01459637292      
rwgt16              -0.883591166247     52.0722789555       34.5908652037       1.69528390914       10.4250254499       4.42746558891       -4.72108806297      -4.21604156635      -9.15597623754      2.34883023405       1.00853499893       -4.31440539041      5.96717513439       3.704116979         -6.54038924531      11.1107413036       
rwgt17              -0.266469553066     -11.777786068       39.679588824        0.886659341815      1.64210819668       1.77249170517       3.0793932301        -7.71157396025      -6.24859732903      0.811444265079      0.212344029373      3.21423952695       -8.50900019932      -25.3128704429      12.9529143348       -10.975592871       
rwgt18              -5.85037962622      -3.28864958316      18.8013949151       -8.02912531225      2.67048906966       -2.13543196022      -4.21541397616      -3.16960685914      0.517838694984      -2.65624878541      2.64482063379       7.44380404778       -6.47550113789      -26.1974797257      0.284338204067      1.80802731129       
rwgt19              -2.26409850046      9.49922704014       27.7014598181       -6.41815911779      -7.94732975524      7.79046176157       -1.50969562894      0.709422325478      -11.1460678135      1.98711190375       2.01171505167       4.39568715647       5.26804816876       -3.68531753095      2.73310894181       3.90661220536       
rwgt20              0.427714087528      47.2871075342       32.9309818554       10.3245644694       -1.29633337795      -0.998223487894     -1.79372318892      1.32963061314       0.518814991176      -1.31256212151      1.4676905065        -3.35627967254      -6.57252345779      4.85882180217       9.51771709644       10.6555078754       
rwgt21              -3.79580745415      46.7199583934       32.8302006728       6.8884025067        -5.063049835        -1.37033731004      2.96730439115       6.056172834         -11.6312011891      0.149661021915      -2.7307987582       6.35862297248       4.88562754963       -8.57657833622      8.28176779997       -7.43333821419      
rwgt22              -2.40104682081      21.793774438        -11.8919946874      9.5316468218        6.92776127877       2.02947754416       3.64814332953       3.32131700696       1.93928326982       1.08372219655       -2.37854063458      2.01417027721       -7.86519422194      -2.75679750077      -31.6035444086      -6.84484141734      
rwgt23              4.18755540701       -3.339087798        7.73951967758       5.91306821042       -7.37296384552      1.30213751368       -2.32676883388      -6.86241911733      -7.23126182157      2.58544543067       -0.546616439154     -3.19739030193      -1.91068124243      0.363197963187      10.9212992641       3.37306954746       
rwgt24              -0.478634882867     2.9291346782        37.6873171485       -1.92031935628      -8.10855118977      -4.84366089724      2.64468268001       9.45375419174       -4.92094622113      -2.66513572009      0.111595328426      6.73981770997       -0.679939027299     0.930407994693      -2.087141227        -11.3679387498      
rwgt25              1.41288905154       49.5055824729       -8.36924292336      -8.64239476706      1.53605311517       3.72495813233       -0.951157143292     -7.29639013913      -4.52031904106      0.265963198857      0.841281251414      3.04015250141       -1.63545660861      17.8306448727       -30.486227607       -11.8271311452      
rwgt26              4.83420495329       42.2978619118       1.71926249664       9.7856707777        7.51939264949       8.33188537709       -3.72537736924      -3.9019963842       -10.2374209603      -2.46371219121      -2.26246124849      5.50709755876       -0.830590686735     7.15768950566       -7.48990174911      8.60048899172       
rwgt27              -5.54871528606      -12.591829822       2.20645307417       5.60040040248       -3.1819544221       3.05967337389       2.77279985892       5.58991847339       1.05877587667       0.993455780446      -1.04673963255      2.50396782255       -12.9476604493      -11.8154601682      16.9574214262       -12.0631642074      
rwgt28              -5.28913388903      48.5416868335       29.0503817119       8.12877483324       -3.71875674669      -0.641956549167     -3.59975219449      -5.77006295524      6.67951725357       2.25512871591       -2.68451934162      2.43505558911       -2.75384002938      7.2395413404        -26.9825556634      -5.91496124827      
rwgt29              -1.80899800273      49.392067109        18.5047252266       1.9861285412        -7.8907542465       -8.11952730605      0.598822743165      2.98917203496       8.15018327519       0.420308135808      -0.451215438259     4.79810399479       -3.66056145601      -20.4375907175      -16.098874031       -3.49195345658      
rwgt30              2.27004334539       53.9565438798       34.3232759791       5.79082915382       4.38844242819       8.33391255077       -4.22141131841      10.1096727254       -6.77919839117      1.44294318981       2.59562206436       5.9039665812        -0.953764361157     25.2750830258       4.00237601259       -12.092511277       
rwgt31              5.09513340118       29.835774474        -0.4424340057       -6.07406562586      3.77671480794       3.23707701561       5.18309227739       7.80049963786       9.24054473606       -2.24626597065      0.664397085863      5.60384192312       -12.1228037417      -23.5623585145      -34.6418832784      -8.79723771452      
rwgt32              -1.51201399635      -0.215054711119     38.5913741135       -0.84603318411      0.96379197524       4.17920742766       1.87588582633       6.86178165687       -0.765914861212     2.10474562868       -2.77533125583      4.92474390596       -0.0417283213481    -14.7348914528      -23.0707211633      1.46028621183       
rwgt33              -1.32440015527      2.32633822375       15.5459952058       -1.5558155023       -1.39836916316      -6.05483642575      4.93775408155       0.706582737556      -6.43802775696      1.75320601031       -2.10542819864      -0.301268400624     -3.39188568607      -21.1845716467      14.3946286877       -12.4585816304      
rwgt34              -2.6674250028       40.7551553645       15.0499148697       -8.42716506086      0.921150148016      -7.93741383688      3.0797412729        6.92137115145       -5.58852119586      -2.58481302801      1.10487618606       -5.3975049156       -13.1555171146      -7.62759404678      -10.6624074423      9.69886877445       
rwgt35              1.91602816987       57.727505284        -7.11992621505      -0.827697998081     9.01379623413       -7.16283173092      -3.77058161934      7.56794902065       5.52567184043       -0.725857873242     2.08853641539       4.40226610148       4.04281143863       26.912411414        -9.86174221886      -8.49831077143      
rwgt36              4.69390237439       6.81897529974       18.7077167874       -2.7256440773       -2.77398552979      -5.99928698082      -2.58910824472      2.90041465172       -9.49556878142      2.04731901336       -1.56298925897      -2.55917634745      3.5353197692        5.49204869399       9.99050271513       -11.6071742694      
rwgt37              -0.280978713011     49.5950573502       -2.88155151903      3.10708478529       6.80613674385       2.61662735082       -4.92726039592      8.8840777348        -7.0752000541       -2.30696124648      -0.888870647366     -3.34771177618      -7.67957303637      -0.244258186367     -28.5031343646      -7.01409327907      
rwgt38              5.54522261318       -2.15980624686      38.7335349978       8.52316489963       -1.87062505627      -5.19771077895      -5.62554428438      6.19653021397       -3.61738744785      -2.45523047059      -0.948027939142     4.08812405044       2.84414167734       18.5782409355       16.3972033513       -8.77407790734      
rwgt39              2.02911666278       -6.41517258098      23.8979631468       -0.754370180904     9.33645015928       -4.06984578399      5.2729736809        -2.74508424542      5.21337276243       2.93130839448       2.62901557764       -0.197338263397     1.17385838925       -12.9912082811      -9.64921398984      -10.7644501265      
rwgt40              1.2986678493        49.8008853528       24.6239853344       10.3822896714       -0.597551100565     -4.59714805794      5.61798651993       6.30758812357       -2.22937849834      -2.10152003824      0.708367283338      -2.91697961624      -6.70885318367      23.0403995372       2.18481327405       -8.34829952998      
rwgt41              -4.6633305904       -5.43751331789      -5.38884544917      5.4088763202        7.82176786111       7.8373730751        0.874800569373      -4.18243383102      -2.04539397341      -0.245408958206     1.08273908938       -0.0187661814527    -14.9577417663      5.93649272751       -10.8583212032      -8.67982614997      
rwgt42              -4.81386128725      22.5245796118       33.373437167        1.74163295008       -8.01488346256      6.53577546104       2.50305543785       8.05473411749       -4.15682902142      -1.44406665218      -0.293451095157     4.27281045114       3.78284202106       10.4382240943       -9.9945658791       10.4813647435       
rwgt43              -2.94506970912      12.7274710244       -4.4281546162       -6.70244255527      3.25923518574       6.31484228434       -3.71586007085      2.357818786         -9.88261263372      2.74027618139       -2.54343468738      6.41686786961       1.64699733846       21.8411286424       -4.89596882686      -11.2416158211      
rwgt44              0.0970820406559     14.4177599759       5.59219180999       -3.06172176585      -2.98652372744      1.03492087065       -2.97554752318      6.24276226557       -5.02819063162      -0.339613472551     -0.718724763636     5.51436701776       4.90250123343       -25.8575815627      16.1002891418       11.1599015824       
rwgt45              -4.83514819571      35.8041558459       7.21246945593       -1.51926149733      -1.13087757036      3.86071276964       -4.07008881939      -8.96532080522      -2.96377241234      -0.918309477193     0.153111792343      -0.482463601355     2.95637952728       14.239203692        -5.03200446702      11.5579141492       
rwgt46              -1.86649461284      33.859014248        1.59311569554       -6.19401477485      -6.31825395782      1.81365526935       0.422098173873      2.09596429865       -10.1812440519      2.12854508717       -1.21755104647      5.32600429962       -5.08495384445      -8.84467265947      -20.1786383703      4.65501424724       
rwgt47              -5.73596502135      9.1338713498        -10.8401053674      9.66657149625       -6.0884750288       -4.60680297058      5.81644922          3.05468825524       -2.64391185097      -0.0323381656892    2.03359292172       -1.33849478818      -6.05152740622      -0.888226488034     -15.4306733265      -6.81508753574      
rwgt48              3.51986799434       7.30312745173       13.1211570841       -4.65814255698      7.73952908542       -0.942582645885     3.70937746343       9.19914380549       -2.64695964789      0.351986918335      -2.31376302966      3.08278271175       -5.96031013533      -0.891155885062     -26.5059344964      2.10292110466       
rwgt49              -4.31520710026      -9.38742055016      6.72744146704       3.19708493662       7.74160862381       -8.28124521335      5.71249968642       2.22845830976       4.5781745755        0.219739154123      -2.87557000589      -4.05646180673      -9.95390206917      20.0531826961       17.3557725754       -7.43954363939      
rwgt50              3.26099216102       19.9204611757       31.2510028421       7.91800270679       8.31451268653       4.43349549531       -2.78425943523      -3.05389504195      7.44639843808       -1.50741786246      -0.740145030077     -4.29035976749      -8.31887934062      14.2382237173       -13.4667035079      10.2376715615       
rwgt51              -0.051104668457     29.2641989802       -9.67923814194      7.87565172037       -8.25271601386      1.41019064742       3.71594742549       -4.73873606979      -1.4747942925       -0.835794950488     1.74144434312       -0.736144875109     -2.22374232725      -19.6106425893      -2.36916761027      -0.375974804603     
rwgt52              -3.20752302683      -6.6758678628       10.5446689824       -2.50733820728      -8.22755164846      0.653200447617      -4.76379490193      -7.67355567128      7.27801677952       1.87432653838       0.887001203254      5.13341124324       -5.8962627248       -15.326123411       -33.35430478        10.480629867        
rwgt53              -4.87302475139      56.8732126628       -4.58599013709      -0.0304475674881    3.16541593919       6.97443315884       0.276464138229      10.292979153        7.41722026225       2.24234537278       -1.65095292816      2.06762399596       -6.0092554802       0.484046344877      -14.8025611443      6.91395319588       
rwgt54              -1.25209167369      -5.61379218496      -6.41532166015      9.94067483107       -7.61999127346      -1.66306048097      -0.231758504883     2.47061105566       -3.13969510452      2.27098383169       1.59217295306       0.415838950425      -9.63823408172      -3.0353148046       -10.2621718096      6.76886042775       
rwgt55              -2.84394637228      29.2843524725       -5.40479045301      8.03929245245       -3.17911469062      -3.13377703203      5.98016494974       -2.73531369475      9.19830837505       -2.26926735694      -0.351729222671     -3.27952676093      2.02694635229       21.8084168392       -5.86988771954      -6.71582542423      
rwgt56              -2.01746982179      32.830835712        -1.81416943626      4.74696248763       3.5302675353        -4.25436468276      2.9301246953        5.72936227128       -4.17631280063      1.48761816209       1.25188168516       2.34945002785       -7.3438299485       0.634903326896      -15.5931868935      -5.58874238039      
rwgt57              -5.26321397726      43.6979141519       -6.84001931459      -2.46746982511      0.479560767285      -5.966834075        -5.72752228036      7.39531457411       8.29985903045       2.96480113427       -1.90801321946      3.16385614244       4.70164295485       -21.4105412207      2.10368778121       -0.908116202261     
rwgt58              -1.88053364623      32.889420147        32.876137891        2.95960349482       -4.88238869963      -8.08986930375      -0.687097863416     0.253140971988      -3.17726691588      1.73119179026       0.771692970139      -0.985475656992     0.260595228031      24.162184246        -29.1942598745      8.34433859509       
rwgt59              -5.26291030854      3.52230829549       -3.79521658733      -4.51453770404      0.354921004488      -8.989924413        4.50491773061       -7.87828753841      1.89697764378       -2.5778084295       -0.970088885876     -6.34301973732      -12.2194681705      7.14639936042       -29.6769420581      4.12015258672       
rwgt60              1.00373800818       -2.68299029551      20.5666108886       9.57963842137       0.793318137796      4.8295584572        3.81381683085       9.66069317617       -4.83043786321      1.58163290149       0.890150466087      3.55057718733       -10.1610323484      -18.9104202584      -0.00845212510729   1.56825989726       
rwgt61              -3.17660990589      -7.68041850648      16.30857635         -4.16675044507      10.3240107792       3.65568331612       -3.50460156581      -2.2940166064       5.40809820948       2.05435126027       1.42382267563       5.31737200006       -12.3446239823      15.9470832675       -29.704595533       -11.1809763079      
rwgt62              2.38579057867       30.9308749134       26.804354267        -2.06938351585      -3.60118197964      8.09935232428       4.75611974106       3.18533464608       -11.8022333816      -2.84647984393      2.36421802199       3.16147214558       -7.99924786757      14.5686913174       -20.8214128604      8.42957291103       
rwgt63              -4.74105987272      29.6642518297       0.266326705838      9.11200027718       1.91744558568       -6.65223818653      0.320673392524      -8.14858267702      8.84757567486       -1.24346087157      1.62817066168       6.41670988735       -3.47432669751      26.0469863089       -17.0158195549      9.1804027639        
rwgt64              0.79352270828       33.2635351751       -3.89379050021      -4.37870161464      -6.01458304852      -3.08988492118      5.32894995071       7.72551506519       -5.36034035128      -0.495787428811     1.79503907647       2.33256248686       -11.6531136785      -5.79306649192      11.9854449074       4.07194423164       
rwgt65              3.82478621702       26.601202863        12.661991247        1.98331281983       -2.15496876699      4.55566440405       1.69854314553       7.00246156651       -4.96496295021      -0.297313250797     2.12828087562       3.9902383959        -13.6576781542      20.3497089568       -24.2594096091      5.48279892809       
rwgt66              2.73530148315       33.0099867044       19.2894853074       -0.909076933524     0.147508987914      -4.26718695423      3.22967587535       -2.21800815777      -0.850930906635     2.27398722907       0.953527415373      1.56524016735       -3.88375674231      23.4097969274       -30.2716904064      3.11372486168       
rwgt67              -5.9380479743       -10.0872953877      -8.81660817546      -5.20350230637      -0.612656945208     -2.84189966676      -4.998676452        -2.35363944379      -10.2048266888      1.91987586148       1.09813886772       6.8984522839        3.38981728757       18.3066695892       -20.414273973       5.25010728789       
rwgt68              -5.5782261236       39.1500592926       12.3499331889       -7.08059359974      1.99445748643       2.46355495892       3.80061108106       -1.57249549065      -8.38635441463      0.551609784289      -0.748122885965     0.442787085699      3.22912015302       14.7937439576       6.90067744072       6.58350786329       
rwgt69              1.04554516077       16.6912495412       13.0757361216       -6.6604353266       -8.51850406975      0.90166655533       0.527347780871      -5.017471484        -4.4136014635       0.872908179044      -0.719693188474     2.84440933979       -6.6200986723       22.7218407397       19.0466568732       -10.2888682348      
rwgt70              0.596403871486      50.3416423482       26.4802671923       3.07215624644       5.41789226805       3.35825451767       3.98429789298       3.6565138909        3.5601760701        -0.858313500441     -1.53076524209      6.31766121289       -3.72411697164      -4.41426841753      -26.8030691871      7.35869251959       
rwgt71              5.68055233926       7.92258789268       -0.939259494733     -0.162737359759     4.46422196853       4.67421013309       -1.02738829437      0.686289262354      3.61049192841       0.414577961325      1.8837487464        -7.38036718529      -5.35220491644      -1.23556815633      -0.826437745218     -9.02904619479      
rwgt72              2.34728111835       15.4659876124       -9.53216112686      7.44161097808       0.348646331762      -8.72348622531      1.32336826036       7.48286688267       0.563789329998      1.51901388261       -0.296652328637     -4.47921325446      1.52603617056       2.51178859278       1.04583013329       3.26345952726       
rwgt73              -1.36064064224      28.0818762073       10.8127503314       7.72496532543       -5.06974334232      -0.30861913673      2.34701525929       8.78275922257       6.32680977404       0.271204673551      1.90379347095       -2.2497105416       -6.03215356579      -13.7920501398      -29.5901961336      4.47399062981       
rwgt74              5.20593840316       -3.30969502531      22.5612413481       -6.03930971287      7.75721918413       -0.282660945883     3.49179901796       -1.64155120766      -1.89630091926      -1.00253028984      -2.59348690196      3.62290790823       -11.7109152766      -10.1296798413      14.4684094874       -2.98802671552      
rwgt75              -5.43159818984      10.4608224118       13.2138636351       4.43747840963       3.10460987592       -2.8582915494       -3.69060456952      5.58450331973       -11.421478325       -1.44387411091      0.851144686341      2.02327693434       0.490841317237      8.20397782615       -4.45539895887      -0.149434495947     
rwgt76              2.83361496127       47.6509254269       -3.38944480598      4.47600128105       10.4038495863       3.47632973588       3.31562322082       2.05168269207       -1.76132282776      -2.22986838347      2.37142462662       -1.66825852259      -8.76266885512      21.1790312893       9.13566776679       9.67011989636       
rwgt77              -0.0848388373735    19.8693900569       40.4163623082       0.0976581083122     -5.23048196515      -1.2822304275       -4.98647261309      -4.44047772396      -3.41470505749      -2.32293286848      1.56922263423       0.303033547104      -14.2843879312      -26.1699697414      -0.112783292978     -3.86154140536      
rwgt78              -4.31524014882      16.8534322529       -7.14581128705      -3.8523172077       0.390385023341      -5.38784169955      -2.41952739621      -1.5573021802       6.58392688261       -0.566606358034     0.823227533378      6.4415735697        -12.481971533       -19.2024314364      -9.94057275228      -0.868866974292     
rwgt79              -1.50208296201      41.7842426639       9.45152890447       4.50301791308       -3.52799188703      4.84074506504       -4.14417686268      7.9883196054        -10.1658922993      2.18864017192       1.20369090991       -4.91449588596      -2.39848780607      6.0355918967        -34.2148134155      -6.27786078003      
rwgt80              1.57303746796       31.1432525562       13.1009939962       -4.3285294872       8.42870762633       7.11808730648       4.91892857415       7.79938174563       6.83751885993       1.71147507975       0.381105013654      -0.774021617634     -5.12707263694      17.7253500179       2.34572510028       6.0120007903        
rwgt81              2.46336112439       51.1965210793       4.86572857204       -2.41525083839      9.04032579181       1.50776022911       4.04746392364       4.37436273731       -3.58333708266      1.87411328724       2.23707636135       -3.29024052407      -6.93161003874      2.48262359246       9.15309581223       5.69225116265       
rwgt82              4.45162612364       14.2261926056       37.7251307765       -7.9387519696       -5.69615384214      -4.94686817613      -0.820873785661     -7.76352516127      -5.47233298585      1.73179374233       0.0405197360561     -0.377174259204     -6.94115432662      17.2087296215       -21.3552704229      -6.73335378433      
rwgt83              1.88735305185       39.5292848884       30.1707407605       1.90079335595       3.23141423509       -5.82781868626      5.24216968019       -5.41932631134      -2.79173941126      -1.10698101232      2.93705966874       3.5948109375        -14.0106362024      19.3923446298       3.88577257489       -7.90270239971      
rwgt84              5.88357226478       45.3528864421       29.166270618        -6.16626992435      1.21928572537       -6.19941933971      -5.12598262818      1.7194383155        -3.41063787448      -0.863006558142     -0.172645699241     5.9563401172        3.34544877823       12.2159708366       4.76661400848       6.78055196488       
rwgt85              2.8305338182        -12.863378516       3.72398376284       -5.58574161124      3.63563026502       -5.16422281872      -4.48223095726      -0.488384222733     6.47404476444       -0.77764335517      0.639491466849      -4.48071351023      -11.6059205193      5.60186946244       -32.2999160011      -0.428523349925     
rwgt86              4.09368398741       -5.24234336118      35.1868591994       -4.78846155683      3.95659396552       -8.85494397794      1.6670659309        5.63289223645       -9.07937408558      2.62567512949       0.257185764438      6.71583747286       -8.64021936662      -5.96497415774      -23.0486577586      4.54673720675       
rwgt87              -3.88266404527      14.0878711322       22.3108541876       7.61640616167       -1.56334681367      8.88879010761       2.99482845976       1.28712926322       -6.96837847817      2.1533637949        2.67701207415       1.56220328551       -10.2507075702      14.7715299576       -2.43701485414      -4.73435158771      
rwgt88              1.58472120747       -2.42132547044      37.56812715         7.21397040342       -3.40899018484      0.179592702925      -4.8152809019       -8.65151474553      4.42352330911       2.43222861885       -0.791635664123     6.27609371085       -2.79220543954      -14.3738983252      9.6897909268        4.55569996926       
rwgt89              4.6379850202        26.3186885613       32.6320929245       -8.99737714142      2.28066201626       -7.89380518966      -3.33065272727      1.02273185581       -11.5808262724      0.477286334123      2.51464498973       -5.91445847541      3.38975570814       26.2770998556       -26.071939515       -2.11332151796      
rwgt90              -5.22633564888      45.7956758507       8.09104910153       6.87677776875       9.29209089992       7.06014909003       4.20129947298       -8.32090840547      -8.23916550433      -1.50571899544      -0.0268033105791    -6.88908001384      -7.48450256196      21.9814404972       -11.249788298       -2.93165507739      
rwgt91              2.73713058585       10.4594108436       3.01426408356       10.0803902025       -0.77888299217      2.22069737694       5.82298921593       9.3473337944        7.64495573981       0.666739363732      1.00429494132       3.45324802368       -4.33490751599      0.122236995257      -13.8386375927      5.29536337824       
rwgt92              -3.3548345102       1.90023870401       19.6338749124       8.61125428838       5.0132635192        0.432231415784      -0.747438468483     -2.15909213384      -7.2334160519       0.0623484891505     0.693353106357      -3.13630796719      5.8689579482        -8.59006762197      -4.45814047726      9.4456407356        
rwgt93              1.77740499533       33.1342552345       27.3890751243       3.54099360652       9.26750326351       6.16348305179       -3.49645304179      -3.93142550046      5.8145140554        -0.559525688963     2.56768916066       -6.28724518258      -9.26655823521      16.651245288        -11.0520562684      -10.9261332423      
rwgt94              4.78860752243       32.0060585614       34.7282432355       -7.63635141286      -8.26054093285      -2.2140268862       -5.69879765656      -3.33976967374      8.22430760845       0.303443547885      2.51416370361       -1.39648042338      1.58049751119       -20.6014737599      -22.2631605608      -12.9763171757      
rwgt95              3.97239392257       -11.9413983185      6.73382126662       -8.86180648462      -3.68050896567      -6.55808738374      -2.81996113648      5.97130535595       -3.54882922237      0.0187445712891     0.808241185864      1.6787718434        -2.76528513135      7.81247556883       -1.52756763012      9.45734732717       
rwgt96              3.03513135588       41.1606279796       27.0697834455       -1.7540940467       -3.71555487773      -5.73208659221      -3.69816728952      0.917124791771      -10.9066454737      0.99730850095       0.0649919772314     -3.89187652805      -7.68670154113      -25.1087373622      -11.591184812       -11.5203426662      
rwgt97              -4.05520693517      2.27147026206       29.0538487785       2.63421389368       3.32198008716       7.23162175267       -0.819362427412     6.26088022086       -10.6094446995      -0.546991671511     -0.97709181447      6.85153734972       -0.409170369521     4.59183345706       -17.8958124509      -7.64471941331      
rwgt98              -0.0761646773208    34.01345141         6.80948626182       9.56703653823       -5.67512600888      4.74580017807       1.27986024123       -0.641129821317     -3.72522999998      -0.850634965108     -1.14360426578      5.25117273569       -6.48679170161      21.7409951869       -19.4361273145      -4.23094384566      
rwgt99              2.8744218676        46.2026397869       23.7654363345       -2.28426091663      -2.17816790395      -1.92015984767      -0.167873952469     6.17144168489       0.236022817776      -1.42472434351      -2.30438554699      2.81571216598       -11.7404806543      -9.72255342211      -5.87618413746      5.209325535         
rwgt100             0.94317973911       39.9122257586       1.09950759633       -1.62749278031      -7.58650382494      2.05080712065       4.4234096683        -2.28213454158      -1.65559878646      -0.192558953357     1.52320552098       6.82803363154       4.90296324464       3.1037905134        -13.6263746492      10.6962504746       
rwgt101             2.13874819395       51.260432397        10.034191718        9.05580287088       3.27216472859       2.62560839951       5.83089868452       9.36880078872       -9.95704133361      -2.51834063235      -0.665268167607     -3.37466787038      -14.6111871757      -13.244601636       13.7763793247       0.645328069321      
rwgt102             -4.35852933808      50.7377519727       -4.82189592118      7.20886903211       3.82586188535       -1.49511333039      -5.64402824212      -4.22234081378      9.62443679757       2.76756725654       2.78403631754       6.55427712284       -10.8690925546      -2.18543212552      -16.9096631013      -9.32463976876      
rwgt103             -5.68624436418      3.69750958433       33.3407213592       -6.64224917826      0.351000183601      -2.28607097905      4.9194744993        -0.873442667862     6.73147287664       2.5479771672        -1.32072628651      -5.52454983157      5.84209711101       -7.8741854894       16.766758333        9.9275657066        
rwgt104             -0.538658421391     7.40129056306       4.88865308508       -2.90993884673      -1.16977384706      -7.78140329677      2.86949247542       -7.04830578048      6.09760446843       -0.698371781686     -0.846181431289     6.89891343406       4.08000612594       -22.2122208313      14.2436966501       -12.9562897187      
rwgt105             -2.69012794829      -1.48318191005      36.6657005779       -0.0968705248072    4.96004812501       -8.9008835137       -3.07232742184      -3.38420732359      -11.2276366743      0.758446810527      -1.18606086458      -1.05933783917      4.02083000437       14.2496385119       0.959917488772      -0.522111485432     
rwgt106             -2.15070802061      45.17412617         7.67193668565       -0.517861756885     -2.82321641606      -6.96763834518      -4.73850739888      5.63226789059       0.303972520784      -2.13635801834      2.67190870079       -1.39470060166      5.37047566107       -5.48401411231      -24.3330783584      0.962080582548      
rwgt107             1.64524718101       -1.78295543796      38.504295111        8.71482076236       6.7964472619        0.224030449999      -1.36127618223      8.25247403923       -10.0175824256      2.48267556352       -2.77794937119      6.78960493524       -9.2608038466       -26.956420663       -14.1972460022      1.29210813375       
rwgt108             5.0864361022        13.0962286419       4.00250571637       6.10479296921       3.67688375257       8.75439650319       3.84333157193       -3.09019361586      2.48996174931       -1.8282472718       -1.85645778111      -0.179317163327     -14.4604074623      -16.6318777978      -27.2060753881      -0.800390163965     
rwgt109             0.997364414272      51.2965554224       6.16773060788       3.18473453926       -6.14446263717      6.09909693391       -4.11475108801      -5.50878499894      9.79728793191       1.98108815773       -1.04686832293      -4.05211253749      -5.99380726887      -2.02572552298      -18.4952159405      -6.22703790147      
rwgt110             -0.317614655364     33.8146569627       4.84243178352       2.32304230033       7.34147569985       -2.75677876126      1.18729971645       -7.80007396715      2.60620746637       -0.33247631611      -1.74040437198      5.62936119546       0.990660435027      12.004157923        -16.5595632404      10.7184952048       
rwgt111             -0.866611198072     22.8749288938       15.6774928712       -3.61158605367      8.00326032064       4.91669107483       2.71599181328       2.10587862919       -10.3445585911      1.57706263605       1.85490449649       -1.02093948922      -12.1936663263      -15.7422668971      -7.23300303873      3.27146546118       
rwgt112             -4.51829286638      18.2229964651       -1.32253383135      6.26197789298       -8.90699695823      -8.93771941203      -4.1394339613       6.10659565419       -4.93721084882      -0.0692214422016    -2.46301318161      -5.70082550124      1.16881312255       -1.67376701293      -23.1486502663      -8.29735666733      
rwgt113             4.70524315234       -8.47697502658      26.9677659184       2.80586717975       0.221948217719      1.94542461562       -4.24760554888      -1.03099855632      0.122790269923      -2.41006079299      -0.340601324033     4.47847352498       -10.462283091       -22.9535838396      -13.278886112       -0.302230766023     
rwgt114             -3.86378388758      36.3737020983       30.463804048        -7.65847155844      -2.59295475324      -1.30052807788      5.22847485156       3.91914110211       9.93300902433       -0.982111315215     -2.00380173987      -1.27468710168      -1.86709694579      13.4321235079       -5.43338592592      -5.70381094013      
rwgt115             2.44953218416       -2.68411171542      27.5312653131       8.21828891351       1.510844649         -0.858542914321     -2.54154156742      -0.631589058049     -8.51216390854      0.195820696251      -1.02577848992      -5.11715234868      -13.9326147337      -13.6242456547      -12.5532839634      -1.37409270145      
rwgt116             -5.17153459524      -4.78968570041      36.1833351487       -5.44462342507      -0.623766222095     -2.49807740013      -1.3186688139       5.7894658473        2.85026473225       -2.80955905538      2.52812346922       2.60643374984       5.20931821064       -6.26148703189      -34.8120929903      2.54981917767       
rwgt117             -4.13193822037      30.1705247966       29.9487218486       -6.40008085112      -7.92115682608      -6.36612329297      -5.73049425852      -8.42098954889      -1.06708307747      -2.01135184056      0.203831341847      2.90635474991       -1.05254047554      19.8622461409       -34.0861726436      1.65933482472       
rwgt118             -2.27581024077      57.6482903309       -1.00763920576      0.839861709257      1.56874544316       -4.40075857773      2.74192612899       -0.597215979187     -3.05980628716      -1.61281226147      -0.462152876092     7.44960648331       -7.44823266915      -4.16288336764      -17.2576932074      -10.5217427464      
rwgt119             -4.86221943984      44.7174315697       11.5157846212       -6.0188282256       8.44895168024       -7.00572382552      -4.70664958673      -3.04103707587      -5.29182620139      1.77412108882       2.7294896933        4.13944975936       -14.2283466594      -7.33978218346      -27.273876649       -5.02722496873      
rwgt120             2.32793948899       61.4519853941       -7.01428143742      0.244551629433      -3.78337066368      8.50897135906       0.680591382484      -7.34441625479      -5.87320443099      -2.43642391558      -2.07149550739      2.15082790011       1.27088761422       -18.4840782621      -26.7617535153      -3.22421299354      
rwgt121             1.05327943438       59.7473446725       12.8024625293       10.1052604078       7.79088100154       7.28123028767       -4.79392742529      -5.51262775873      9.91732207479       -2.74958078179      -1.92560170962      -5.72587027098      -8.08017860678      7.71192877513       -22.4051723758      -5.42904254275      
rwgt122             2.00799309697       37.3740559854       13.4351551917       -7.10522466767      -3.53801416639      5.87861282443       -0.510125066617     0.0694443293659     -4.65139426744      -2.26765622444      0.262171491056      -3.64179360065      4.79789488148       17.2927064408       -33.5825889831      11.6886392677       
rwgt123             -1.60614222972      27.6817794964       -9.59039644429      2.91097904526       10.0484652125       0.432726432816      -2.68216549084      5.81858533162       3.88204250216       -2.24511086862      0.157273527295      -1.42325720101      -3.80253208604      14.4231578538       0.326232483525      -6.03380456032      
rwgt124             -3.78186317024      0.837956457961      29.4538282228       7.69125345112       -4.52285645883      2.52967379793       2.28284712268       8.59969329191       -10.1886074136      -0.28873924862      -2.04001037227      0.837065670159      -1.39757391571      -16.4080502811      19.3158482844       -13.3373415417      
rwgt125             5.38126921961       -2.96456472838      6.29460269222       -5.91933720334      2.39298170627       -6.36057530018      0.266855293754      -0.645952301746     1.97568603281       2.51284486421       -1.06763189446      2.13739860475       3.25484125541       10.3389174725       -25.1892963095      2.70473364117       
rwgt126             5.50879585923       18.0914105399       0.801293110193      -2.87216882863      4.67629561324       7.94749926287       -4.08450846062      -2.85671995415      2.09946891405       2.72584997108       -1.85287134956      6.10025092615       -10.0548966887      7.12321463762       -28.2654429021      10.0573895925       
rwgt127             4.89375184375       0.63771393692       2.80570046885       4.82764244236       8.43480334184       1.97712265123       -1.60592483728      6.09029325176       1.5206620237        2.45720986654       -2.74208985773      -1.94659304347      -13.5719148833      -21.0022495204      -27.4865515032      -9.6117300291       
rwgt128             1.2462564031        41.8543883184       40.4754253603       -2.25342501125      4.7731213487        -8.61981968634      5.95540105873       7.69241777016       -5.68346664106      1.15789061805       0.173763413577      -0.768666897551     -5.29977596831      18.577166079        15.2234630262       11.591795595        
rwgt129             -4.85595747982      10.6069206021       10.9710285094       -1.97180413823      -4.97703916586      5.14495416158       -2.82729132539      9.99887072485       -0.837706482889     0.170585494775      -1.08012440747      5.14278402791       -0.746526617609     -5.60695478028      -14.8790142154      8.25023194288       
rwgt130             -1.08916632298      32.1022047478       17.983207345        2.57827540397       -5.59380270326      -0.0837570136345    5.95088999547       -4.16766669009      6.28615765661       -0.413691876204     2.5257272234        -6.73229360655      -9.21973773495      10.4571716464       -11.786750387       -4.52656394547      
rwgt131             5.66489296824       -9.6233596081       7.9453953492        4.91527299613       0.4573787515        8.69005163309       -0.573297669322     5.4803995156        -10.2452130665      -1.6870354443       -1.38330428149      3.84092657588       -2.88335279635      8.22788798662       -28.9211638282      0.316305054344      
rwgt132             -3.22922208072      -0.547246923714     -4.94437624308      -5.19217865412      -1.06532737635      5.65458028566       2.72275712252       9.12818330318       4.04645095189       2.74176043593       2.0430114323        -0.0289929258198    4.97018648388       20.3601790658       -18.1749178272      0.897217197458      
rwgt133             -4.02258019671      9.73986519157       24.1620899553       4.22942339176       8.13952243479       2.66333776333       3.14792548177       7.72684526622       8.52173118743       -0.471163589507     -2.73528261568      -1.29940072214      -3.49832871958      -4.9171768441       14.2012898845       -3.94683371864      
rwgt134             -2.14934005314      27.8282076939       32.4652868309       2.51148269629       5.21702136128       -3.97029113784      -5.26442644217      -0.920923161326     9.73783507803       -0.622737039934     -2.62262529467      5.1813226329        3.12630825506       -24.6410358013      -24.3368703472      -12.9176133908      
rwgt135             -0.767113179336     8.63174811836       32.5358490606       -3.78328131618      9.90457609776       1.1233868184        -2.18992823049      -0.788106270143     -2.95926822379      2.60387533973       -1.42530088008      6.29730355307       -9.7654679112       22.4469707058       -1.76153690636      1.13612258126       
rwgt136             0.977417288655      -16.4113712959      -6.4482648146       -3.82283255303      0.640660048621      -2.98132187485      1.77237136746       -0.193187656532     7.15977636808       2.65075661555       -0.882914978242     -3.78029695088      -5.48268068155      15.4269703848       -17.1845695551      3.00189164375       
rwgt137             -5.18346134593      35.5662718524       17.376167914        -0.514174547278     -3.47223161627      7.29988798433       -2.13320090744      2.24893886191       -6.78326344724      1.18695998105       1.43444022329       1.64644701736       -9.02626119234      -1.5806674447       -3.59226079132      7.45579810329       
rwgt138             4.44723374778       49.2246708438       38.4612639917       -1.08414571415      7.60486592082       6.09784417217       -2.11040010431      -1.99774112966      -3.13713208706      -1.86731792636      -0.58337401316      4.20689616531       1.29842636981       13.1482419965       -17.1055383364      8.72743742532       
rwgt139             1.789486234         27.2041599066       -7.63261407745      8.65714719835       -3.96524313804      3.76832242349       1.06770217271       8.61699229519       9.67072973927       2.86259880569       1.87593993235       -2.98265950716      2.56799523016       -2.89060908957      -20.0990218034      -0.425173364195     
rwgt140             -5.80584274986      56.5707164635       6.1807044832        -3.82380627113      4.22911760293       1.47633313745       5.11413460294       10.003062644        -3.20936781913      1.63980907639       2.94002960357       -3.60750314326      -0.405594386887     -23.5910998243      -19.3965852459      -5.73295023565      
rwgt141             1.03236057742       31.1602750167       2.75020807162       -4.02003518917      1.49680150338       6.70084971166       -0.882132211859     -3.53871804133      -8.4388815106       0.565610688589      -1.82737533806      -3.36381618555      -11.8733509111      -12.2934023816      -17.6414933165      -11.8630178949      
rwgt142             0.145657498782      52.753827852        30.4411363608       3.65186580956       -4.0216225012       -1.24814530112      -5.65449299487      10.0566356247       7.51460626823       -2.37821834272      0.46051416126       2.34833771105       5.32564186965       23.8541007703       12.0485808982       -4.15597423861      
rwgt143             -1.54302703503      18.4860733406       -6.24104050017      -8.15709788164      0.991341415673      2.25916713384       0.116948327846      2.53633149781       8.35770118466       -2.75105494303      -2.76610469348      0.480228303018      -0.325455731312     14.7580735576       -34.5321559578      9.33272495716       
rwgt144             -3.80173863733      53.2986437672       2.18162788586       5.58559855611       5.01404382535       0.76121203036       4.01811178787       -4.45210293564      -2.23374776376      -0.741170241998     -1.90286402525      4.01985942801       -14.6162686571      -8.07038084965      -11.9699574191      9.53028091301       
rwgt145             -0.022814700895     40.8340289425       15.3838080594       7.1297854863        -0.252814972308     -8.40011628009      -1.02025159539      -5.40742852257      1.72588283495       -1.34209126026      1.48662175725       0.2802836105        -4.27299997256      -6.06279365313      9.71898286956       -2.46017828231      
rwgt146             -1.21364104017      11.3108318196       12.9869011987       -1.90056828252      1.54105064589       -7.28989055787      1.93936643837       0.512204976137      8.8969854441        -0.130046939883     -1.31197546597      1.4899786471        5.66369030104       -16.1121072845      -8.56987008151      -8.45127157694      
rwgt147             -5.83714542069      31.426064574        6.36299384432       4.12635530267       4.3162653922        -4.66660777198      2.35488168434       -5.01208131845      -4.21853335434      1.48554721128       -1.09342425475      3.47693325681       -10.774534386       13.7167616021       -33.0674753834      -4.80891538629      
rwgt148             0.306371216437      28.8702311019       35.6910880307       6.22074613029       9.21461920624       6.86179222612       -0.197357477716     10.306086853        2.20920373685       -2.20280867847      -0.61883961718      -3.26930180507      -3.17987121036      -18.6974670538      19.1514522453       -9.51269687832      
rwgt149             5.95179100039       17.3913636596       -3.05131998886      5.92830933889       -0.808584717254     -1.08943198253      2.11687400429       1.1830853698        -3.66128766655      -0.447774429483     1.78981763251       -1.08397659441      -1.17384263763      11.0777150754       -5.8262528886       -0.979278839446     
rwgt150             -2.4127015586       17.9953871299       25.4751707207       4.8241978682        6.19645449014       -1.75823350248      -4.41285567878      6.80263444711       -9.44670884287      -0.218274660108     2.50385051399       1.1848103698        -3.20275248664      8.48601252007       7.71404629544       -5.35653370344      
rwgt151             -0.15934613945      27.626881052        14.0399583982       2.16877284697       5.59790241593       6.04119013968       1.67468650132       6.38271559415       -2.511152671        1.99191381417       0.797316987498      3.58084780783       -5.30177538352      0.119465181789      -23.8039713905      0.29729236418       
rwgt152             -1.24930835851      54.0043913407       32.7779867799       -8.45074138957      -6.33531160687      3.2991962114        -0.687688965638     5.19243281412       -6.71556838667      -1.06496349419      -0.0665600913815    -4.0592767633       4.19984594019       26.8940007768       5.28754113286       -4.8352436561       
rwgt153             5.27063631333       1.39940652984       25.9859103366       8.75416425689       -6.80658516926      2.66660711823       1.99820847987       1.9819724027        -2.47232707952      -2.95740554175      -1.74128696804      3.06962248311       -8.85130106979      15.2282506341       14.5888714649       1.49896194378       
rwgt154             -5.82590459815      46.6996872551       -11.2113720158      8.18916578228       3.79240370882       -6.55132514365      3.35765752009       -4.35802952622      -10.8762538617      -2.58297930887      1.8523189892        -4.48703078696      -7.15731810571      16.5170830311       -28.2555898155      -13.1237624051      
rwgt155             1.44783198528       -13.5618653466      1.05768583695       8.89303951178       2.32926151079       6.64814022174       -1.13971441287      -5.21729147397      -7.52104372608      1.0533322798        -2.72549518421      -1.44994387919      4.62495139013       -22.4894985453      -9.287650183        -2.90711963657      
rwgt156             2.11744181901       59.2118569448       -0.594175127311     2.16709275261       4.81264025661       8.97093329039       -2.42474884638      -8.98796845564      6.21599056708       0.391441718519      -0.968764662204     5.26995828796       0.598248346485      -3.03014539895      -25.952675672       -7.08449262937      
rwgt157             2.94602791844       38.4726053996       22.2715591549       -5.5382878729       0.126837649968      1.02824103279       -3.19774196268      -6.9426526124       -8.0991683023       2.46645065015       2.91498575406       1.10117746197       1.56506744575       -14.7697399835      -31.4351901399      -13.4318012616      
rwgt158             5.71931743762       15.7290743529       40.695579127        8.20703245358       1.69278741596       8.07641349946       -4.20612144761      8.65863799273       -6.64141606406      1.06296842169       -2.678899166        -4.67998153805      -14.0712440006      13.7906781321       -12.7206807871      6.25507251695       
rwgt159             -3.81996447574      51.2427141064       8.75657895545       -3.10508834351      6.17884163698       -8.45559661205      -2.66588036098      9.5262677093        -8.07558359696      2.0035665536        -2.14671324238      -2.29897607192      4.63251554751       -12.0110468295      -5.33825737526      -7.31447561763      
rwgt160             -1.55584521509      51.3483168497       28.8608082996       3.44417001094       -2.20247341472      -7.55057434822      3.46435645859       -7.25360617813      -2.23401193972      -2.31422641552      2.40522743677       -4.2192442245       -12.5158306908      -9.49097194337      -10.25702528        -6.59707465315      
rwgt161             2.99358154609       12.5556459917       28.0741982917       8.25148830583       -3.37047341505      -7.69328062019      0.23221806181       -8.75924149159      9.90677850183       2.95751775484       -1.33947476366      -4.03704648276      -0.0401038019609    24.5640229322       19.3488473412       -1.41284147603      
rwgt162             4.91935197325       -9.5376909486       -10.4621795335      5.97518222204       0.925459353214      -1.04677566659      3.76680813757       -1.38033472256      2.01670059014       -0.210982450889     2.16588515766       -5.2782192102       -4.4355726104       12.2777971561       -19.2836181842      -10.6663691191      
rwgt163             -5.62794679302      34.0610005567       -11.6925654564      -7.67927924017      -1.46072676836      3.18742796437       0.614284247196      8.7788049517        7.42649538561       1.90448020143       -2.71424390361      -4.09750243623      3.72614929991       -13.1938482397      13.5062614121       3.42884155592       
rwgt164             -4.56858486643      27.6391634624       31.2781698718       -2.0178285137       2.44658410076       6.41255973724       5.19139036234       8.88947558418       -3.67671626155      0.415093669124      2.35544945359       2.64565983248       -10.7886133906      -18.7744901836      -16.3023798396      -12.9289809496      
rwgt165             4.22507725025       8.25843160762       -11.8311797782      -0.742294850476     8.34014047667       2.3435103352        5.357846347         1.83361862964       -2.43903175326      2.22866565091       -2.99785499377      2.65490296034       -11.3093010432      -16.0921132144      -15.6701285064      1.47048024749       
rwgt166             0.978915939706      39.4035896438       23.6917400462       -8.70347256208      6.52571057189       7.91450204589       4.36688048356       -7.73745417003      -8.93155544911      -2.75630454081      -2.87019864361      -6.4102522139       -5.49406172783      26.3074387354       7.68527312171       8.90985464128       
rwgt167             1.08356642555       54.1749907331       -11.2402641841      9.47622209243       5.72216993885       -8.10571318604      5.13121110917       0.995653711878      -7.44377017535      -1.04045835874      0.00458735157858    2.93179915214       -5.54812900192      17.4111971989       -12.8468670042      -9.73940815535      
rwgt168             -4.61795996217      14.1492503798       41.295345528        -2.97697196091      -0.327632299624     1.54491895369       -4.88160732849      -1.54306200795      9.45274738911       -2.2563227844       1.37672300158       -5.89106845371      -2.9037488356       -2.70849945524      -21.142644699       9.16839846196       
rwgt169             -1.98165553928      49.0060790357       20.9016459745       -4.60156845213      5.56357569605       -4.14526915299      3.48998862708       2.03101580947       -2.62959213177      -2.67954095158      -1.08359231793      2.45673998301       5.31114095126       9.65786593898       -25.2312131305      -13.0678058349      
rwgt170             5.3504561733        -3.97607971291      29.4466419118       -1.39185738192      -6.30001452587      -2.03851833124      2.82963638637       -6.67319891417      -11.6607562178      -2.60883281465      2.3270522882        1.32464023964       -5.50413251351      4.10612691397       12.8737730574       8.30059301476       
rwgt171             -0.5274951237       31.7553836154       13.3197985806       -5.06225399509      6.43229051096       3.11664872175       5.02741662924       -5.39513204505      -1.23124292394      1.81422303973       1.25986665594       -4.26146382076      -10.1286172094      24.0326249692       19.0882616633       -10.8034092137      
rwgt172             2.01925696487       43.5557621755       3.16065279892       -5.3769099464       -7.47584874451      4.9584221502        0.757661556977      -7.85957144915      1.87255358807       1.15196897331       -0.105529220069     -4.15376362584      -9.40437816431      -4.10936193786      10.6515455649       -11.8658467095      
rwgt173             5.67556539114       -10.869620068       -10.3053080777      -6.01908015906      -3.1273032012       1.11469461631       -1.22998442629      -1.65009110231      2.87081783181       -1.08260940625      -1.28801611944      2.1577013342        -7.73611326087      -17.3676316581      -7.92941676538      4.76005254361       
rwgt174             -5.55676277929      34.3049540077       9.65060987821       2.85396338975       10.0459661726       -0.254180111851     4.90189756039       5.03687829019       -9.15028756         1.31654027278       -2.08925378693      -0.646208629666     -11.3411486709      21.1621584188       -32.7384539762      -1.83400043482      
rwgt175             0.97414053186       30.0470619839       3.68699934051       -2.52651111494      -3.75324735765      -4.54878484327      -1.18934808389      5.13073435311       -6.23146658705      2.10484236702       -0.648604477465     -6.14149583222      -3.30588154665      9.37074826379       -6.73961116188      -6.38154058569      
rwgt176             1.74831849253       7.85190659796       -6.99174194502      0.982418459034      -2.07138791863      -5.76969370478      -4.90054427827      -8.31982127295      7.50901418148       -2.22510932158      0.528689804775      -0.110985165109     -0.67952067533      4.66370385435       -16.2511239574      1.29274486632       
rwgt177             2.54342588649       4.40673057306       5.34484811561       -8.1553100778       -6.35598837606      3.43322111664       -3.68685087225      9.26806011558       0.461478233191      1.12323885492       -0.633096861879     2.48374040105       -1.7869374945       13.9004831027       -22.8891248295      0.92650919027       
rwgt178             5.600258881         51.9267313229       -2.37554777705      -3.05537457296      -0.566485270123     6.0273429626        -0.951197615122     8.13647529178       9.39971271448       -0.0945444343207    -2.93439737858      7.2621480773        -13.4915037805      -8.84340041342      3.82385257192       -6.64129780348      
rwgt179             -2.92155956317      30.6037796161       16.3356527245       2.49635167831       2.75546439035       -0.210510870174     -0.720225482109     2.82706714862       5.63612935893       2.73560454306       0.393030903862      2.42977802388       -4.14915216035      13.1353773063       -11.6966029477      8.19684182131       
rwgt180             -0.406957784215     53.0438833557       -0.608842140304     -8.80772240162      -1.1955578997       -4.58516315054      -5.55686849515      3.59640447294       7.9880392422        -0.0763691981653    2.99222054956       -4.93548395443      -8.36722102824      7.76359945656       -13.4889351752      2.94138282461       
rwgt181             -1.64538480897      25.173937639        41.3129049407       5.74740932375       8.78190125361       -6.89634136888      1.86830233772       -6.94464884668      1.58664727182       -1.57050522292      -2.9664014809       1.57424959155       -14.8349002539      2.93154913257       15.1867713378       -3.19312417951      
rwgt182             -1.6451366435       28.575321281        16.1879720343       0.953576187848      4.67649668583       1.30756355867       -2.41435779742      0.442710871178      -0.337178435866     -1.21172259972      1.59729961655       2.27116291452       -6.0282842927       -7.56853018405      13.9133453756       -9.52526517259      
rwgt183             0.0                 0.0                 0.0                 0.0                 0.0                 0.0                 0.0                 0.0                 0.0                 0.0                 0.0                 0.0                 0.0                 0.0                 0.0                 0.0                 
