                    ctW                 ctp                 cpQM                ctei                ctli                cQei                ctZ                 cQlMi               cQl3i               ctG                 ctlTi               cbW                 cpQ3                cptb                cpt                 ctlSi               
MGStart             -8.303849           64.337172           45.883907           24.328689           24.43011            23.757944           -6.093077           23.951426           21.540499           -3.609446           21.809598           49.595354           -51.106621          136.133729          -43.552406          -20.005026          
rwgt0               -0.203408726054     26.0977250404       -7.21032746419      0.575639475059      3.42473779103       1.62204138177       -4.42237446773      9.92229531056       -4.12007339077      2.31756299968       -2.09220939971      0.322914497433      2.73172339779       -11.8687847495      -35.1940504416      1.07424285965       
rwgt1               5.56334108702       61.182907251        24.1913233057       6.96669320509       -1.83054224629      5.72448111454       5.68172122146       -4.58627714138      7.18926027043       -0.242509143755     -2.21560733013      3.83514829389       -13.1429209513      0.697057895746      -34.3121127288      -7.99327706046      
rwgt2               -4.57714010636      46.3537009406       -9.08249917956      7.37761970716       -6.10910440096      5.85249571432       -5.98046380772      -1.44737439259      -6.87546397098      -2.37216379759      -1.49020199929      6.82851138902       -2.54683707714      -1.63190075859      -3.61026782744      -12.7807184746      
rwgt3               3.70774731038       32.660027911        41.8934511115       -2.55513260687      -3.70109834892      -1.14392358677      1.36989947051       -8.30753477486      1.30015139322       0.336857800249      -0.885970868094     2.8303922687        5.7440913886        1.76262563815       -10.6547067712      -0.515942430045     
rwgt4               -3.7770868295       19.7765900225       37.4236299181       -3.33501900527      7.80552836608       -6.32599342738      -4.75059470635      -7.23785698026      9.10886878562       -1.04039806788      1.39792679238       -3.55766670997      -10.2849916117      1.69782636292       -28.8194664663      3.16793454489       
rwgt5               -4.1530894235       59.7718465539       40.5379835361       -1.72411239315      8.09141759325       1.50060032864       -3.32260046211      -8.43693329968      -9.74725426993      -1.88880812864      1.58757001747       -6.26299986683      -14.0990508215      24.5720612822       -21.1012280012      -4.39998104347      
rwgt6               2.41289766322       24.1223233198       11.4230810056       10.3238175728       9.98864839305       -0.0808429372996    -1.02549253346      -3.52448980673      9.14860389756       0.407518361097      -0.578417290964     1.21472305494       2.24608020763       20.1771112613       -4.11966427464      -8.18207426811      
rwgt7               -2.73987704298      -15.3307331139      15.7850565604       -4.27835398757      9.2722924083        3.45092262642       -5.3585986035       -6.65318566891      -2.99696563335      0.107085519773      1.65363497917       -6.64145588407      -1.69107875329      -8.41583387169      14.0325796954       -0.827418777428     
rwgt8               -0.159068344191     -16.4778138993      31.1611687016       6.36853594628       -2.67977603189      0.0272087989009     -1.48020584922      -7.1664218736       -0.184498487892     2.6761701302        0.0272484616801     1.49815367013       -3.05322742193      -20.7952760337      -6.50793908806      -9.19909827801      
rwgt9               -3.31713429417      59.1961653885       20.4796743403       5.56710236192       -8.56309350163      0.234516278695      3.58433582998       0.993288694591      10.4790909918       1.29987362156       -0.710130992936     -2.96846065248      -4.22176638619      -8.34814182612      2.38954072323       -3.92035841109      
rwgt10              -1.97213650613      10.9027397246       34.911200029        -6.13973260797      -0.445747257622     -4.78275381267      -0.725081855797     6.5461536692        -7.05891607292      -1.06407392582      1.05108314842       6.86516321413       -10.3345682025      6.44585795534       7.69319824661       -3.75190913026      
rwgt11              2.60021715852       18.7606100811       2.91639290556       7.60115527348       8.58581905435       -8.7211190753       -1.10282737049      -1.63807734651      1.77149878021       -2.28533544797      2.59975196824       1.00372301002       5.38956793007       26.9473003946       -2.06772570818      -5.67769013888      
rwgt12              4.3710094118        32.1233683735       26.4605302761       -3.82849316508      6.1601861492        6.98305959265       -2.23355765608      9.60172123652       -2.47916672663      2.49305285625       -1.61304346694      2.94872809371       3.3157092567        -13.9676243203      11.4690641292       -11.8655758792      
rwgt13              3.20786353688       14.1722009386       -4.34400901519      6.26017617672       1.60894243948       -6.20519738947      5.21759941021       1.62605631906       3.65301279447       -1.42889543044      1.0833725775        -5.85818436433      5.03839887495       -0.742496709839     -34.2340553742      6.23487919718       
rwgt14              2.96489673749       -7.60034654441      29.8010754422       -5.11464613252      7.09258329473       -8.49989890603      0.232055064296      1.71281107634       9.99043628785       -2.74850349933      -2.07716921415      2.09028817175       -3.07179987316      -26.4857948536      -25.6047741406      5.21329978525       
rwgt15              3.03347205463       -14.8778963737      8.10753461919       -8.20695633157      -8.03850721996      -6.71574731641      -2.00936250136      -6.35201520675      -4.1208626626       2.94850811406       1.90375731292       1.73767731949       -8.05901837092      0.973996301544      14.2987865043       -2.91623648749      
rwgt16              -2.542719006        24.4076127467       35.635057108        1.76328364107       -0.142376153968     0.420272337706      -4.26060640001      9.47761339328       -6.47259503828      -0.453100270872     0.23592340321       -5.32464710662      2.93893961645       21.2379975055       -0.700869436232     4.22980626737       
rwgt17              5.94522381957       -5.88860738085      13.5847461126       7.21983695918       -2.39312366186      4.47376045438       3.14271439844       -3.58882435708      -7.31744081687      1.89482296376       -1.45170681179      1.10211984405       4.39643052273       -4.97272101545      -21.6645935522      -1.6243544228       
rwgt18              5.68094226465       29.2676143891       -4.31023696912      -0.0326486509354    -7.37456718349      3.50126929269       -1.65439077346      -6.49979185288      -3.43986524693      2.28194531957       0.264183877118      -7.27282966567      -8.86782651203      -22.3660092478      14.8959036574       -4.60221088513      
rwgt19              4.31336935826       -8.87215294465      26.0369023819       3.300262069         -5.6331300997       -8.12767647687      3.02447966216       -2.08980279242      4.14375390931       -0.843268326672     0.252341472301      6.57028596297       -3.5401925324       -22.1776398828      -16.6265176565      -10.829104741       
rwgt20              1.79435395778       35.1805426113       -4.90271263615      -7.73767898901      -1.5279951921       -7.24402724204      3.06320594398       4.65544966454       7.85828880811       -1.27075170967      2.28580720155       -2.70618872444      -6.44065137875      -6.57057173133      8.27722491609       -5.51079949056      
rwgt21              -2.53994474371      10.2897518524       39.7626300437       2.00360739138       8.17112406041       6.32931155951       4.34485650299       -6.83356153801      9.01622888571       -1.5607832858       -1.20586151256      2.05392375404       -14.503718808       -25.9287113964      9.00758396926       -7.27651359459      
rwgt22              2.25196605098       11.6412670895       -10.7714158218      3.2631123029        1.43928767319       7.95118303773       -3.86228406376      -4.38253627614      -9.38592418909      1.60652065533       -2.28373506667      3.27122059285       1.62517488508       1.74408032681       -31.0598372388      -2.79257620152      
rwgt23              0.259203779673      -5.51507259477      -3.70017479564      -6.06231490806      5.71562967515       -0.95588288465      -2.1902167998       8.13501492957       -2.44036277891      -0.931956547003     2.95650745974       -3.30726255949      -14.7196598775      -26.5094511608      12.628487278        -8.51399727535      
rwgt24              -2.79102129747      26.7783123627       33.7020399721       0.75108822786       0.795456613151      1.06591968128       -1.19067356134      -3.7588827932       2.48743278328       -2.5954236136       -2.1404102318       -2.9554895578       -1.66114791287      15.8687131822       -7.01750094374      -11.8808440691      
rwgt25              4.80849839989       10.8809929369       38.0028224544       2.2326277446        6.87471420474       4.87888753666       5.00945701744       -3.10297662979      -8.59018912622      -0.0407489376773    0.716848908958      -2.2761516237       3.72995694583       -3.68669735908      -25.9265834336      2.51771688786       
rwgt26              -3.85963415877      42.7689463314       14.0085220137       1.16029151728       1.34601200665       6.06746082389       -2.14962216119      -0.629359232294     -11.1371699261      -1.7563006329       0.0269809507331     -7.2595491958       -12.0200147935      -20.0233379833      8.09915765202       11.4646281781       
rwgt27              -5.64310733697      43.3594312336       28.3472486463       -6.91850783958      3.20389876186       3.05484538612       -3.07405940115      -1.92163990943      -6.29961341652      -0.273313630595     0.20193925262       2.72723233228       -3.43667116364      -12.2068606893      -6.42353251771      10.2944706107       
rwgt28              -5.12771601903      -10.9322781506      1.59516305041       1.73669759256       2.84597402569       -8.64490382743      2.27679361679       -0.637423198056     -7.73264516818      -2.35014817123      1.91327385395       -3.64130648249      -13.3894451661      0.329253251269      -24.4822761498      -12.2984754577      
rwgt29              4.03174808409       22.7885251678       33.5551121394       1.78980257432       9.17703305694       -8.49686117971      -5.85775574809      2.43098414689       5.1647092218        1.24580952635       -1.99760703163      1.24429687618       -1.17984609439      -17.0000752766      -32.8135120081      -11.402337056       
rwgt30              -0.35950042993      44.114146456        19.1921199767       -1.12821949572      8.11362574455       4.68815842515       -2.76507794337      -7.7443591546       -6.19070019377      -2.01863925104      0.379737215689      0.569596648551      -4.05993352147      -9.921912657        5.45529634476       9.35895325898       
rwgt31              4.98361553969       44.4375581252       -7.41642630623      -2.30493619738      -2.08098799054      3.437993986         4.12025302553       4.20466060325       -2.13028241125      1.00490942907       2.26297954279       -7.08319835049      -4.89751127786      3.17858483287       8.95881199745       -1.59290266723      
rwgt32              0.885759307709      -3.14115447324      29.0211908262       -8.52879996168      5.39513601881       -7.15007135435      -1.06139610313      -7.71385188439      2.53647095395       -0.377140874587     -2.73983452656      -2.85568219435      0.640810499343      26.6260380945       -19.2559764842      -11.74216081        
rwgt33              -2.79478074902      14.6406849902       19.8647681554       2.18129817751       -1.04187727872      4.44300168607       1.04119273274       -0.883950124039     -6.35242726864      2.86520000586       -2.87664314322      2.81214859476       -0.168991861423     -16.147924492       16.0683491022       7.48463109172       
rwgt34              5.89400200078       5.92562285314       16.1660498786       8.40627319414       -1.88703770862      -3.76455909696      4.5299164716        -8.89355384449      9.59857824728       1.10851361072       -2.68752365616      -3.08583325096      -14.3535026966      19.7389831738       6.80777783497       9.99611120728       
rwgt35              1.70040454705       7.79997855109       -0.746694362017     -3.00005746604      1.76196116545       -2.91707101024      0.54266472725       -4.58193350827      8.39088819813       1.62037546715       -2.52685504822      4.30399245249       -5.04214881503      -2.23781219416      -31.504736256       -7.46220302328      
rwgt36              -0.107915839546     20.6084789455       10.427061431        2.83344841637       -8.45655966301      -1.0992087315       0.21871209792       7.3533842594        -8.28732176705      -2.24178531002      -1.75158811969      -2.79608014584      -8.57643506233      -26.6549213582      -30.5431046841      5.16514851841       
rwgt37              -1.19018208345      -13.3242812436      -9.99336864428      -6.41563678856      6.73462027898       7.54042167834       0.514302573266      8.55180306544       -6.77081302979      2.39428263349       0.257482348408      -2.5443687291       -8.69155180748      3.41488677385       1.6540138481        -11.9392831905      
rwgt38              2.28513287604       49.9371263579       27.4966720923       -1.32011139022      9.46513001558       -6.18484555394      1.73427860822       2.94005477234       9.11240056001       1.28877909668       0.795361344011      2.25519099836       -9.57203755106      12.7704471154       -33.1465080197      2.13261651013       
rwgt39              3.9980382877        26.0000341296       16.4946019665       8.12136708581       -0.76864215044      -4.2159366112       -5.72850722859      -2.4260747483       -0.72137908352      1.93863634003       0.0318926671014     -3.89090786288      -12.6496583725      3.21556481471       -9.26891171821      3.04795441534       
rwgt40              -4.7303914078       49.8610880433       38.9759738872       8.78037510923       -3.3106324055       -7.71671839695      -2.62373024527      -1.78996838592      7.6005529538        1.93876323509       2.2753237112        0.651257195389      -4.57829192833      -15.8120553777      3.90704140958       -12.9573188681      
rwgt41              3.34989387768       17.8050391263       4.71773766789       1.80281094367       4.36152044969       -2.13861473698      5.89039940531       7.66142033913       2.64554556062       -0.194607695813     -1.92304084288      4.78882969235       4.01259550671       17.3778858647       14.6061953368       2.31258371722       
rwgt42              -0.935940244323     27.6535078552       4.94383539537       6.81533638325       2.818911254         3.33106194044       0.612727333601      6.44473916101       -0.927401139184     2.24719922814       1.79763118115       4.71654426498       -10.1816086141      -21.0901303478      8.04126687639       -12.0881572472      
rwgt43              -4.66816004494      -0.12564220146      5.16174572055       -2.937706152        -3.13561013209      0.210534145746      -0.0690478459218    5.46036508937       -5.23290676694      0.692183908708      2.03189713864       6.93445545742       5.38408511136       1.08505162004       10.9034438014       9.37129490574       
rwgt44              -5.08904310778      26.6201031387       23.1840226763       -5.76220957464      -3.97396646587      6.25476069853       -4.97097012621      -0.548242368081     -6.7897501978       2.57702941659       2.07845220633       5.8738757942        4.4039859296        8.71064816152       4.61386684204       7.76920976149       
rwgt45              -4.93017786936      48.5054106383       31.3116915981       8.60423993766       1.39387465973       -2.7778144094       2.4400781118        0.354017297284      -3.5672341485       2.83624283038       -0.0623698214657    0.767381744448      -12.3817231125      -4.03832008406      7.01759342746       11.491916779        
rwgt46              3.78022458362       29.3891681341       26.3564002272       8.70297612892       6.74892247729       3.3688851523        -2.61573533957      8.63043723          -1.27585300043      1.4349036932        -1.99220595745      -0.175662701511     4.64878099585       25.8210075823       14.4228189371       8.19700171118       
rwgt47              1.08590914358       -9.52231987239      24.1633861763       6.64897381361       -7.85667295096      8.55912349609       2.51999266645       3.74195481988       2.16776986749       -1.43379850103      2.9424641259        6.65396261307       -10.7703562947      3.88200378836       -4.32250750168      11.2804989969       
rwgt48              -1.1597510362       8.45312796883       37.5009421675       2.28663856344       4.7600512683        -6.73707996911      4.55555719984       0.0368195829108     0.539210313789      0.197289247783      -2.5894221375       -5.56216719042      0.108624600834      13.2486153995       2.10855223098       8.90154408547       
rwgt49              -2.88184275731      -16.3875785696      40.2977587493       -6.08959460163      0.223665279885      -3.97847328176      5.31925529358       -6.23666550668      7.18846039165       -0.592258369128     -0.600585458461     2.79537473862       -1.98781759197      -21.9729235496      17.9555780669       5.35809052872       
rwgt50              -1.18371427577      24.5896619217       -2.54630226768      -5.8160986807       3.89464398209       2.3987490938        3.67003983115       5.54451598879       -1.55434846323      1.02911214036       2.10136551887       -0.150994881521     -10.8846853398      -8.30901208964      -10.3607930692      5.60310204202       
rwgt51              1.36418615628       -8.19899360763      -9.08854482301      7.72019804073       6.83126534319       3.95599901394       4.11852743173       -3.51129421892      -9.98047069719      -1.99786914038      -2.23576244676      -0.936321349915     -4.55727036348      15.5500573899       -8.2955049765       11.5556664597       
rwgt52              5.24745422323       6.08405647877       24.2570015958       0.172761857931      8.0916543404        2.70340402924       -2.39502174694      -1.73357437828      -1.48003308698      -1.47595632155      1.21269869841       4.72482402574       -2.51430965119      24.0515387755       -32.2698100343      4.88163399734       
rwgt53              0.553056960848      61.349453979        10.1586760695       0.103874950957      5.22124177011       -3.54952624909      2.43835298123       -7.44807358562      8.88168341161       -0.459544914221     0.39500473266       7.44409618986       -10.8617841622      8.82700674863       -12.6651553374      11.9644445391       
rwgt54              -2.79367177391      52.6467444064       -0.707601520102     -8.4553358958       -3.14535565371      7.60154977978       -1.33418476564      -3.32808694714      -2.11540399742      -0.352455257228     1.71097888025       -0.247459773602     -1.04100474569      25.7216795836       0.111748901509      -7.01831544551      
rwgt55              -0.236731686402     48.283209939        -3.16617073686      9.55151856577       -6.65701011973      -1.80025174782      -2.01734344849      -8.02347121971      9.62471291341       -1.56017719835      -1.71099447782      -5.52627045201      -5.37758897342      7.19821924955       -6.74628429505      11.8909402053       
rwgt56              3.40624497164       34.543552247        -0.845053808233     4.55669057018       6.03302723075       1.81994291111       -4.20231584403      -7.89044965864      10.3720912954       1.07782903225       1.63725386456       -4.27106031814      -5.3170498592       -17.4664680876      11.5829649106       8.82300593819       
rwgt57              4.91057771568       29.6774936096       -0.547754473106     -7.41151083158      9.48351932599       7.75464190351       2.08021684741       6.27405492546       -4.17942658389      -1.10572246251      -0.852769124491     5.11590005924       4.83669114142       -26.014086767       -13.2775166397      2.39791414234       
rwgt58              -1.68794349444      53.2214748014       6.81572386047       -5.26153018144      4.94887925492       -2.77931142482      3.26265572728       9.73236956957       5.5860166692        2.35774221565       -0.211155284403     -1.28843925389      -13.6733697368      -9.89845364173      1.0452419556        6.96643092547       
rwgt59              -5.4320629781       -4.69525863146      -0.314345198583     -4.93263478154      -8.44171596155      -1.39780658926      4.87184352227       5.7731755375        -9.6836477975       -1.42792834333      -2.20358470044      7.22293077396       4.20184836718       -6.68655947836      -28.9175567135      5.05246957576       
rwgt60              1.8427700582        54.1809833407       38.4987245189       -5.60748302468      2.0787798221        -7.34039367909      -0.37235006917      -5.78249380051      -0.64976758763      -1.66763340876      2.86801418702       4.03273207964       -8.69568967372      -6.42674803966      18.0074909591       -6.95694451753      
rwgt61              -0.941876894503     50.5165227762       -5.87759429415      8.06701097815       6.8511508384        -8.29531336947      -2.64924477822      -5.73120292609      2.36145311277       1.06832486798       2.47042677094       2.87546345426       -0.703865846074     24.488975891        -33.6682093709      -8.40513184354      
rwgt62              -2.70204152616      -8.04504505673      35.0588728295       -2.90266855591      4.3616609606        4.89484008108       4.5508500506        -3.86168104151      0.855739196293      -0.97941507675      -2.8933893353       4.13589141914       5.08522158524       14.3673120922       9.80755459392       -13.2443358287      
rwgt63              -3.32749320779      45.6330223043       -9.84238127922      -3.91332501995      -4.17743060189      -4.01036363264      4.30773827776       3.69995498335       -5.27781963765      -2.80766876116      -2.8820106478       -4.59508689878      -9.04037580371      11.2166889485       0.80035559364       -3.31750765929      
rwgt64              -4.65547714626      59.4016129728       29.2648070518       1.77309925431       5.40873903549       -3.89340536827      3.91132279468       -1.23923027441      1.91854289348       -2.21316945505      -0.353724639787     -5.64208300929      -12.1151359853      7.75398874254       6.28844234893       9.55383259416       
rwgt65              3.18344217921       56.0279481259       16.0736722271       -7.59642569084      8.50251278752       -1.1930714288       -5.98211040093      5.2316045258        -0.210836106312     -2.81346760367      -0.290163741385     -1.77128309133      -10.5772273893      22.5303700812       5.99663819534       7.69156662917       
rwgt66              -0.892594066314     19.6087395869       6.34588122916       2.01622955001       -6.78851928571      1.47207024166       1.11144516483       5.17431711028       -7.47344187017      1.40965936873       -1.6096891622       6.86038411127       5.31375123245       12.2674029337       -31.1853684407      5.39793528433       
rwgt67              1.38238091001       -0.48224582062      16.2044641953       10.0848896448       2.63628604496       5.43860115802       3.38375671479       1.75420921523       -3.11571175477      -0.105527873303     1.21224433734       -2.53133286323      -9.44482125283      -9.06315725898      3.47768139133       -9.31299467185      
rwgt68              -5.03178004031      -11.6512687574      7.96804531932       7.17380549111       -1.81904162223      -1.22500180326      -4.61863570673      -3.76093821325      -11.37464548        2.65070621287       0.809689015879      -3.55077713347      -8.5914714818       -24.6404394577      -30.1339284027      0.21627282197       
rwgt69              -1.42164866374      40.4552989729       8.24041426557       1.38249303204       -1.97001404923      1.26430492404       0.736770367402      7.02096562393       -2.12692238599      -1.43261778763      -2.17645060074      -0.919206210872     -4.73105925177      -16.5816592647      -28.2087961285      -8.20870708495      
rwgt70              2.70839491804       15.0750122518       -5.0133536211       -0.779990315286     3.53645544896       -1.16381697808      -5.5902611139       6.57480723028       8.2301774409        0.995509000525      -2.08747348998      2.97476826096       -7.74117574356      -15.0757451806      12.0632112568       10.7062565028       
rwgt71              5.57606908345       60.8744906205       12.4125611019       -3.30756990672      4.75284747882       7.56784318381       1.10462371987       -5.15755060237      1.51171143169       2.20654835813       -1.80306891036      -4.27326894895      2.42584619167       12.4887501216       -7.56188223888      6.29654010752       
rwgt72              -4.03675658928      51.8165093284       25.3204991574       -1.33025639701      3.9484855074        5.31715666875       3.33605346655       -0.069374003698     2.05326521324       0.258470279052      -2.63003305555      4.64400673644       -5.44931967018      24.9439860448       -24.8356305219      4.31643501275       
rwgt73              1.95228481485       -7.11433790049      10.4493770376       -4.45930091563      -3.25771579557      7.15003309512       -1.34078890161      -5.54732983198      3.34111783517       1.26008749344       -1.59268009649      0.999547803853      1.64222548972       21.3205320891       -32.2493473238      8.06967686214       
rwgt74              -4.07238461904      15.6168103759       19.3159021387       -5.14320052828      1.48546850704       0.149033967728      5.16551674467       6.04689783742       4.20885638862       0.866913013234      2.03744774813       1.66287724878       -9.9005434399       15.2577507991       9.85684573547       0.47132768489       
rwgt75              -3.74576233009      -3.64901609517      25.8678883053       3.96236809682       6.59123697791       7.13479203002       5.01989735633       -8.48263948508      -5.95680968798      -2.00180893821      -0.461940601461     4.29920582952       -5.23604096753      15.2971445499       -20.4601366589      -5.65862459172      
rwgt76              1.15522703897       -12.9857206167      2.76371039763       -1.69336997263      8.08852378572       -7.84607618098      -1.55194014292      3.37893526469       5.36968520895       -0.151555594699     -0.429346333565     -6.19453209252      4.69689223285       -8.25246971627      -11.0185946596      4.58457747675       
rwgt77              -3.95950120223      14.5219205626       28.4436449274       7.89874198796       -5.65885200297      -2.71381590491      3.80508220913       -2.32290182097      -5.92374838937      2.80695048375       -2.4354401308       1.75774751035       -8.58686082497      -17.5945262009      -0.0992148127117    1.7033009926        
rwgt78              5.50892299274       -0.33496350236      7.58940327709       7.11276555124       5.42428349706       2.61284317395       2.68639998396       -6.31669954578      -6.09020859487      -1.33337419202      -0.601885940797     0.411655763818      0.4866921875        -24.0954832479      -15.423010527       -5.94776326361      
rwgt79              1.97223762529       5.42259808156       41.6240354697       -7.89014314278      -8.64889655992      -6.10467929801      -2.38057876588      -8.74141642708      -1.97087501956      -0.514654858811     1.48462664892       -0.276565567381     -3.27183683442      15.5010596796       -17.5410806368      11.14230029         
rwgt80              3.4740289649        -7.49548760039      25.6920144655       -1.22175666962      -8.68987453716      -2.69184229481      -3.57564297761      9.9359629322        3.69568420769       1.20998166963       -0.168432505402     6.17593552185       -10.3319531868      18.7748813985       -5.78116340097      -7.60875387401      
rwgt81              0.53930509997       11.541015131        5.12257677106       8.57033565009       -1.48370028603      2.79131006755       5.70278136904       -7.23767542622      -3.54679511981      -2.40764768296      1.19691911476       5.27892793006       3.75559276907       13.6501398188       9.90763634105       -12.7033750905      
rwgt82              -5.12268367479      51.9317448527       19.8690597556       -8.40564833307      4.87812855598       4.70592737502       2.49270489872       9.84142134674       9.764122877         -0.200847597186     2.11061045018       5.46196410614       1.53224689049       15.8389493192       -15.4731791815      1.26962552103       
rwgt83              -5.43108697425      31.2448678858       12.4119705866       -3.11933571792      10.0650984721       -0.0289131936961    -0.972899031831     3.26644510601       -1.97985580872      1.22499042363       -1.26043858289      -6.81405233373      1.99693231653       16.8578324865       15.8335028592       4.72634031827       
rwgt84              0.236674999714      7.89616262326       32.0711955233       -6.16538657078      -5.02688043801      -0.16083689817      2.75167860592       -7.29083246196      -5.54579967577      0.302643653494      -2.51285543758      0.532196320005      -11.7156826723      -21.9181680703      -11.5395355169      -12.695898304       
rwgt85              -5.57002422694      -3.84114587826      10.6611679602       -4.97339741439      1.84759437242       -6.72426106968      -0.819394504134     5.21009392699       -3.56388459554      2.88499740102       0.132189162269      4.12788051719       -12.6874003706      -15.54567841        14.7315145623       3.39449775505       
rwgt86              5.86432049043       34.9649977449       -2.97287095452      -5.95481073512      -2.69633743284      1.11962180026       0.312125455901      6.00397372744       -5.989589267        -1.17642932366      0.90275047443       -7.45465465205      -12.1093278548      10.9873607714       15.0993727011       4.49895641165       
rwgt87              1.82398565809       56.0851813989       28.8647140327       1.19893666969       7.37726177679       -4.52761135595      1.19729301218       -8.07223329113      0.000458732951612   -2.52102296292      2.19816890598       3.38136435954       4.95038402172       17.4608192536       -23.9410630585      -12.9690270197      
rwgt88              5.94976197297       16.8819786953       16.9987513953       -1.71478769188      10.2561246044       -2.1168308825       0.150771211809      -2.63482584046      -11.6574246215      -1.80023162614      0.680257527402      1.80338345665       -12.6780585844      0.389167504598      1.55277031656       -1.10342258449      
rwgt89              -3.38447299906      36.8370925926       -11.7342328736      10.3916559673       -7.03326516806      -1.37535133147      -0.707294802512     -7.25430360065      6.24342765982       -2.87392254017      -0.352906439758     -1.99688998068      0.582699859908      10.7631578561       -22.1671054063      9.43772164603       
rwgt90              -5.15911148673      9.10139579748       19.7790211225       -4.13135234807      4.17305016227       -1.16729576169      1.64003817656       5.07651592768       9.43991941179       -2.89435886517      1.39519004443       1.05929686747       -10.9008335216      10.559943632        7.50296488061       6.1496198176        
rwgt91              -5.44317155835      11.8192625761       -10.7472069202      -5.58297795592      -2.1080349528       7.28708690227       3.85769753585       4.34330215234       0.208659223691      0.8081955229        -0.283444488746     -5.11473409406      -9.6382793723       21.2640060904       -27.3341227571      8.65229443961       
rwgt92              1.14931733227       56.1523602252       33.6859912719       -5.54110875224      2.09659805677       -6.96932643055      2.09480504509       -7.09205545522      -9.86716551574      -0.149388791699     -0.0742354906498    -5.67138247251      -1.45244966889      -16.7865441357      -6.16228133576      -10.0922228572      
rwgt93              -4.92606999625      23.3895325018       38.5063508932       1.14449599783       7.03821696486       2.78286360317       -4.71920699493      -7.88096919384      8.42117711278       2.91469286426       -0.369646651011     -6.23729662243      -5.03473302486      21.003257861        -9.25191617552      -9.46319826918      
rwgt94              5.45037458818       2.06110462513       -4.11716366343      4.20402307169       -8.29935644998      5.10809541942       -2.76628552198      -6.27501554846      4.3526693647        -1.15560711501      1.1530933679        -1.54247635871      -0.742970435182     14.7782851219       -27.6450523193      1.44842812397       
rwgt95              -1.5246458606       28.6498899799       -7.43240993672      2.77815661114       -1.61320270395      7.68559381243       -2.83361871077      7.24299322365       5.59723961986       2.98877027468       -1.67492898637      -2.37420210513      -8.5229737258       5.46401601498       -1.35850455996      -3.02454492243      
rwgt96              -0.906570839297     38.9769225328       31.5629642423       -3.65838017033      0.801579057815      -2.83557977193      -5.06135122734      -4.09953298942      -4.02501108342      -1.02716447105      -1.27723978531      -0.941824224832     -13.582876781       16.4464610518       -23.2214685921      -10.7350894935      
rwgt97              -1.03469580543      15.3149999493       31.5681654349       4.86619581074       -0.209738050283     3.06055880272       -1.40724734433      10.150745534        -9.07075322489      1.90945874368       -0.43630724607      -2.14942353996      2.50609928677       12.1666497479       -11.3043716514      9.72088176342       
rwgt98              1.6190640229        42.2875869649       22.4725156813       0.605238432707      2.30327198303       5.73016556912       -4.64642490861      7.19713077307       -1.67174650479      -2.61172353341      0.0828366999849     0.315861161391      -8.2612713877       18.8797609732       18.0714139428       0.277708359973      
rwgt99              0.430516100609      47.9555015036       -1.03251603636      -7.30529406674      1.67668100668       0.556650892085      -2.37365070987      -5.80858867102      -2.62288444852      -0.708887335717     1.38133355765       1.74036535602       -7.23382441455      10.7989711859       -29.9472915387      -6.7063162648       
rwgt100             -3.29992828746      58.9085309324       -11.8709142889      -0.786597162567     -5.463533949        1.30746571849       3.15885998172       -0.941252612252     -6.53114521986      -2.42502359225      -0.770909968765     3.88585054332       -2.7757243537       3.40175681767       14.3260842538       -7.57187322496      
rwgt101             -4.22578718626      -13.3886224031      5.8756161937        4.38123033272       6.73793476453       -3.10727843235      -3.20606462947      9.41495781256       2.30432518751       -2.0416136257       -2.41860053646      -4.16176015145      -5.14997650945      6.57813780229       -19.2882041934      -3.10910121407      
rwgt102             -3.90499686865      -7.49807700129      32.4236675136       -2.49608969379      -8.20789851829      7.62801624589       -0.780153244936     -0.225512313067     7.65439154111       0.0926754297716     -1.42965604211      7.49227612038       -1.30655240163      -24.0761887538      -21.8957787378      6.14771053988       
rwgt103             1.25888030956       9.26484490597       15.0362994934       2.30072334014       9.12078804249       8.19502670095       -4.78538658104      3.17597560002       6.45191329778       0.376612395921      2.01661928562       -6.21132906815      -4.01280246764      -26.474881931       13.7026277029       8.2591332462        
rwgt104             5.65580042698       -12.3048761061      19.7824217872       -5.12374335412      -6.1477466927       2.23826185103       5.11260491576       6.62343941027       4.10445789579       -0.755946477471     -0.43385784631      -4.98207388529      -6.77978101249      -18.6748683275      -35.7098667383      -8.7131743952       
rwgt105             5.18625783677       58.5112661872       21.9089806651       -1.71491511442      6.58197798507       -2.83300880164      2.25348378417       7.99046885111       -7.1994496752       -0.697587812187     1.35609275646       6.02934370469       -8.45287368618      0.50584057004       -11.6455758732      5.02945511555       
rwgt106             4.87389442844       -1.08101988982      -3.61130290572      -1.51700593303      1.09380378826       8.13989753941       -5.38892772601      1.54374625526       -9.98566662418      -1.58997803471      2.99202776181       -6.64116021371      2.78198778124       24.6946043926       -28.7680067761      -5.3056005502       
rwgt107             0.265246114239      -6.33559913033      17.1207031618       -5.96244919456      0.805728541689      4.98499307503       5.30340748063       9.55999021204       3.3800682421        2.47666774725       2.59753249977       1.71283242498       -9.86361464298      -24.226200402       18.1106471359       -5.95172064721      
rwgt108             3.17745964421       48.0747622433       33.2987466042       -1.30653450982      -1.30042125406      -0.109954882409     5.8096608587        -4.08877683099      -11.9042927879      1.22779527578       -0.459360806128     -2.87330685952      -3.36779755438      23.9462266298       -16.7269716551      -2.58101510544      
rwgt109             -4.26783735884      40.7888839667       -7.83355643829      0.0442225904508     3.98213440925       -8.22080186425      -5.19324431131      -7.26500211294      -6.11932547393      0.128527133005      0.858936585134      6.39306326574       -10.1445037796      6.39375685259       16.8758507683       -10.9827564383      
rwgt110             -0.821931635897     2.98421718683       2.46677814069       9.18347005649       -3.32751844685      3.19460280531       -1.40229836277      -1.34238588805      7.42213163523       0.766324621748      0.888774679479      2.49584790383       2.82180204556       -21.8805429831      -2.20542369624      -7.52256791236      
rwgt111             0.0230911826408     14.2660165411       19.0174400295       7.77252378586       -5.2411860463       3.06930879281       -0.866233376558     -2.91751008721      -7.85771397727      -2.5788922942       0.267182337087      3.70570644548       3.00219750614       -1.1982204415       -10.1235490298      0.712668789534      
rwgt112             3.88466680638       24.3931452779       41.721097834        6.95995968407       -6.77434117851      2.55485865553       3.01046705575       5.66026353474       -6.40928419784      -2.6008826385       2.13757262852       2.96661145929       1.84352464844       4.85501668007       15.3731564811       -1.50621771798      
rwgt113             -4.0160490896       -10.4081868813      32.3653078485       -6.90231918313      -3.21136991801      -6.82386058968      -2.38426915207      3.95609778649       -9.11579961166      2.75130746164       2.96598011068       6.88142358324       -2.37865721255      10.3526373615       -5.33366660677      9.14063298809       
rwgt114             3.7803837296        25.8839799081       19.8325179402       0.736746374941      -8.59997031588      -0.326780147051     -2.00945943382      10.03719013         2.41609943451       -0.852001101292     -1.40348162266      0.478237353746      4.33099720396       1.32707087766       8.93868729455       -9.93743589905      
rwgt115             2.20099349115       0.140875789497      -8.96774398145      6.38528390414       -0.0667171456842    -3.98146473914      4.97184618704       -5.19888950384      -2.27637133458      2.04455229102       -2.99674688971      -3.71664615127      -12.5153401694      -3.62477995202      4.03698644102       8.66699937556       
rwgt116             -0.967042152592     46.0901605717       2.77859145073       10.2181703023       -8.53441835113      -7.16110916403      -0.892723124817     1.76318619537       0.743133922879      -0.20385822782      -0.732667946285     6.84293570371       0.0561488635099     -9.92608079507      -17.8953861945      -6.17365196841      
rwgt117             2.73837807583       -5.40372019704      22.855696854        9.52438488545       1.47429370812       7.68562998423       -2.85683793735      6.04932561477       -9.9114963705       -1.99545701903      0.835737074018      1.442023339         -10.026222601       6.5332871705        16.0747011993       -13.3252870345      
rwgt118             -4.34416911254      55.408570084        24.908978753        -6.28950210069      0.0859204833635     -4.80025470002      -5.22052453164      10.4686056924       0.606782670814      -0.0871975549344    0.493825762834      6.04107114344       2.43391209169       3.66568451987       1.24775749322       -3.7693570705       
rwgt119             -0.00333589074578   -14.2807691742      26.2797746532       4.06562115923       1.23160120665       -8.68448425703      -1.62926001653      -2.4532372169       -3.07633195378      2.8381439742        -2.23789012681      6.07345340281       -3.82872242976      -19.7418041625      -10.2907050231      -3.3477922602       
rwgt120             -2.79203387861      -12.0669489685      -9.97656215634      3.02179640622       10.2100672846       -2.47453584913      5.91883101612       -8.02794834852      -9.9960179933       -0.130353151249     -0.420761639649     -2.7562405572       5.33913694205       -24.597682311       -6.54300153049      -12.3038296047      
rwgt121             0.402225717682      12.9323802566       8.78113728636       9.92205470709       8.89256068468       7.60940259752       3.96582674836       5.59178831753       -9.13524620932      -0.608747735372     0.983318048765      -5.54390123593      -7.02523229479      -3.26919116634      1.76379368801       3.33235592739       
rwgt122             -0.483335842472     27.8235786544       38.6413246326       5.54249938023       -3.76257469656      2.65521681539       5.61153316618       1.86941467233       -6.29759772701      -1.92888332755      -2.32561687731      -4.02665249376      -1.36852758909      20.31282585         -5.59048474948      7.30509571759       
rwgt123             2.05034789786       -9.68536392907      -8.49975392071      -6.32036991749      -7.4446139284       1.44925685763       -3.91909557402      -3.85208481312      7.48456966766       -0.630176371216     1.97565277299       -0.963635867158     -1.96622431979      15.1312740483       17.1286589837       -6.98694225564      
rwgt124             0.436976633175      -2.12288971685      4.86844069446       5.1488153698        -3.46739848557      2.4728609984        4.63847485745       -3.49721574409      1.44263883932       -0.247157280847     0.20446115239       -0.0751979624179    0.645087419014      8.78893864448       -9.2502700592       -1.80440026711      
rwgt125             -3.61833656288      3.3074298633        32.0429863832       1.18375190041       -3.38089255561      -4.1880225459       -3.97482282606      7.77943111489       -3.55429719077      -2.20241631308      -1.08851743197      5.23393513446       -7.55975520532      -16.0569465228      -32.601923702       5.76985620073       
rwgt126             3.81765255759       58.9391688198       -1.77054164639      0.592603170111      7.51508599887       7.92475157622       -4.01451149717      2.52331877013       -11.9384012632      1.70522551269       -0.0797517859145    -2.44108794137      -14.8029030564      -18.2609452695      -17.8592687574      -7.48017600802      
rwgt127             -4.76203227364      37.1304593294       41.2738864893       2.01419792729       6.41256196458       -5.18701175668      3.03484264073       0.960095496516      6.79642307499       -2.41306286538      -0.439624411045     -7.13532392419      4.59361667382       15.9463543561       -10.035504073       -5.73686277423      
rwgt128             -4.1150878342       15.009848802        2.07250478685       -6.50190282421      -1.03921135072      5.35635988227       1.83556819873       6.78421296581       -8.60163630202      0.970145980764      -2.90749400336      0.297793260828      1.49560746759       25.1080351971       8.83973379227       2.90790798154       
rwgt129             3.69051205044       47.5829304483       18.7141947847       -8.08288932049      6.66882916016       -4.34990828614      -2.89618546488      -3.08546730927      -8.48316873209      -2.90731644063      -1.09212761321      -3.11606008681      -11.7256601363      15.4478872035       13.0137480723       -6.59441959786      
rwgt130             -0.578710535874     50.6976141035       40.9677514408       1.9827239924        -5.85977799272      -8.07866004545      -0.589371051517     1.95195138637       2.1536470245        -2.30558857252      -0.049963435278     1.18376344699       0.880756868345      11.4965841127       10.2412458842       3.619910342         
rwgt131             4.73527996587       57.732027202        -8.22707340362      -5.88576584078      5.13643859087       7.56422145418       4.97573159595       3.97083707932       -7.66729516152      2.14843957935       2.34281354244       7.2806128024        -10.6540064622      -7.78298528404      8.55222203458       -11.9253570228      
rwgt132             -2.402374286        -2.75849013407      10.9597528573       10.2639012825       8.31124588612       8.67348085784       -5.59505181874      5.33056009544       1.48432803297       -0.653923801171     1.80615644894       2.00985700061       -0.210998387365     -2.55104736828      -13.7947624647      -8.41295653121      
rwgt133             -1.22494575502      54.899283902        38.9764314532       -3.51676672623      5.20521660062       -2.73940863207      -1.6535686051       8.84807830509       -10.8099852724      -1.22958126959      2.03090350463       7.08385891212       -1.87266179942      -19.2260408418      4.55520614817       2.25216022643       
rwgt134             5.82329846763       42.4069774683       -0.785876641702     6.16714543486       3.17442890306       -0.852530303245     1.14229407513       -7.83187510092      -0.331481490541     1.9935110322        0.0545869735926     -5.71511501773      -0.367015639676     -16.1193876254      11.9094957746       -1.14138981372      
rwgt135             -4.73094719363      23.7796482936       35.9537285293       -2.75113063869      -1.01057410223      -0.59715113433      -3.12666459312      -4.16028584253      -0.716259235143     1.50761599526       -0.508506507343     -4.50620380313      -13.5014271243      -22.4689358029      19.3323439442       -4.56275850031      
rwgt136             -1.79051761183      -14.3984100201      -7.6309877331       -2.39185566965      0.397441371065      1.87980463024       2.6809634073        6.41906022845       1.84220413304       -2.18440070106      -0.734519725187     3.03360085567       -6.88207727225      -11.708836144       8.03286514555       1.2503854525        
rwgt137             4.61139372683       0.199721021958      7.05121147344       -4.12737507929      4.60542121781       -7.97166236453      2.66982637041       -2.45885464481      8.09331425331       0.863832329637      -1.28474642628      6.69789837502       0.798910307364      19.1538494776       -4.49531132171      -11.2021148875      
rwgt138             0.162588436836      12.1135242755       5.77745309735       9.005126518         7.74285541181       3.01341534503       5.39398490564       -8.53891360113      4.0132422872        -2.96405473281      2.25657733671       6.60017080119       -7.26189845535      -20.0828088363      -25.7407210081      -12.340439772       
rwgt139             0.868912831001      11.380937794        38.2052884049       -1.98242567156      0.33589498895       0.778706812913      5.03185205294       -4.56602795834      -9.18544370733      0.836397257382      0.775162436008      6.78772520814       -13.9671818114      2.09150247994       -13.3928357112      -7.33345327243      
rwgt140             -2.98625627151      -12.9180242547      30.6598257016       -0.474772773286     -5.78109866441      -4.28654653683      -1.82998497932      -1.52917405997      -2.04153871111      -0.676647652829     -1.72563104303      6.24458235218       -7.93572518699      25.3571571272       -22.724835806       -9.42537533858      
rwgt141             2.50082357478       32.8778519587       19.2082786999       3.40599248926       2.80060363819       -2.42697476637      -3.1778691055       1.87282885653       0.492411419343      2.38362544507       -2.02352772797      3.95666158618       -11.8455786861      10.1584850791       -3.15786824457      -10.3675946412      
rwgt142             -3.27813747115      25.9233700433       28.1315076592       1.06308911561       -2.67864794902      0.810148712713      -1.07877873839      3.09247643421       -4.7646862018       0.120515634592      -0.621066661474     7.14096259799       -7.41741148526      -13.2825379383      -31.3123719617      11.7017063496       
rwgt143             0.661509323464      17.5778828604       25.6291869935       -4.36977440963      0.579701226815      3.04741670917       0.418799914382      6.81600281898       1.57545073232       -0.117678731451     0.983683612675      -3.10562498112      0.013905408183      -21.420138675       -29.8901270004      -7.80519933555      
rwgt144             -2.69534062365      20.8489602121       13.4199669088       -7.60878075685      5.35076635625       2.72397537879       -0.183846298599     3.69184003627       -2.27186765442      2.33961608729       0.27828600021       -6.14905842382      5.47924747396       15.3013888856       -16.8170508029      -2.89584739641      
rwgt145             -3.95920637429      41.3621546404       26.1670519186       7.6295406344        -3.70699852349      1.05306689395       5.83202417118       10.469805066        7.58088032677       -1.71064567885      0.715110341094      -3.97756760257      -7.61822526771      20.753365275        -0.993205053636     -12.1637626776      
rwgt146             -5.4697499697       56.4749003857       3.81298874004       9.71945172696       2.20928951577       -7.78234274488      -2.44343002477      -6.96912769275      1.27045614944       -0.368478558431     -0.87890017406      -7.1984914          -6.26086869751      23.6950708218       -28.2716677401      11.6507830797       
rwgt147             3.38573028649       53.0191614831       -1.67870655028      -8.25196518268      -7.16924179815      1.03209747241       4.20835641964       3.88137930405       -3.78406464703      2.75908367499       2.69343427576       4.0346869349        -6.27533461745      -25.7794805501      -13.9894659116      11.5650404387       
rwgt148             -4.73475703907      34.9028640585       16.7095021041       0.379535175503      -3.4941368767       6.54753411679       -4.81014845017      10.02071784         -3.15217198789      2.78776227863       0.219894450804      5.23261693205       -12.8809157499      -10.2153560474      15.7866997868       -7.14475710011      
rwgt149             1.43309193682       5.51105078902       36.531884176        -3.7515964565       9.42853278075       -0.858896609388     -3.16119437289      5.93555607384       -6.23299970811      0.53330633453       -0.451217048717     -0.717591839042     -8.18193421444      -24.4294583562      1.60658662562       -7.55081496484      
rwgt150             -0.684641778433     19.4918304933       -3.22549365715      1.2463733192        3.13453455028       -0.878125743241     -5.69333213815      6.27458231334       9.50250524234       2.41822267245       1.48740055107       1.7398438791        -13.0422269373      -24.300102067       -34.9302149716      6.27000211194       
rwgt151             3.61882439747       9.99752430871       31.5935273505       7.06357885307       -8.7636370819       3.55282114297       -0.873735104351     9.15483833559       -6.52833822962      -2.72234114167      0.451758320689      0.492124857024      -8.94646386974      14.1674149336       -15.9374132176      0.232244572304      
rwgt152             -5.7019784431       5.90469055515       40.8146653328       -7.40168426135      -0.825910536025     -4.01644644757      -1.43563042404      -2.08197845024      0.764891758686      1.89364165886       0.0818495312057     -2.27582748649      -8.45589500982      13.3149690339       13.6387098515       -9.03182416107      
rwgt153             1.75328971927       55.321678261        -4.87377024688      9.53988242426       -3.22433540773      -2.26403844347      0.560631391713      8.00793482693       -10.7608988199      -1.51009949265      0.192964561796      -2.72011242421      -8.35051432997      -17.1567194528      6.11504555138       -3.27850309947      
rwgt154             1.16435299402       27.4380935209       12.0918813389       -2.46182770865      3.58310482919       -6.47920489182      -4.93676729149      -7.48407856757      3.82259381566       -1.03709751948      2.45915909916       6.03131605802       4.78834449383       -12.3132939113      -30.4002900007      -8.60599469856      
rwgt155             0.530827621403      57.5054329711       1.61846852684       4.91601589592       -0.247176535131     2.21950226039       3.85844633386       -8.14037495164      -8.83021463299      2.51109811587       0.00477702425573    0.384331510282      -11.542625223       -9.86675582232      -9.33457221896      -4.75538695799      
rwgt156             -4.91105666432      2.11204070513       24.976891989        -8.61455059624      5.42815011275       6.22271461331       4.80183790932       3.00927823089       0.181084447539      0.15415917062       -0.220800170968     4.41299866801       -3.48840820179      10.5662129514       -12.4905268841      8.53342465485       
rwgt157             2.26701231016       2.52679081812       -5.00167401775      8.45849859832       4.37097414189       -8.2016549287       -0.112973594777     -8.99127646685      8.17867256074       2.310335305         1.39696270736       7.28504662974       -3.33277038424      24.5179267493       -30.0054676887      11.3207173671       
rwgt158             -4.79991998618      59.0348396456       9.50162129797       4.0261389118        2.14982233674       3.54935802217       -0.24175291715      -5.19828688324      9.95934347239       0.0753790367309     -2.14090839289      7.1647422979        -13.4695886552      -2.37463704174      -24.2240229368      4.87030496394       
rwgt159             -2.54124715421      10.8709234688       15.2986634554       5.6151729889        7.1071712888        -5.15501336218      0.0838227434159     1.84808140044       1.26739332109       0.378376022066      -0.336656217795     5.82304032417       -4.87985346626      -3.8995173008       8.11588129077       -10.567384832       
rwgt160             1.25523200417       20.4048260104       16.0837298801       0.386309355543      1.34428748678       5.70643960884       5.14718111663       -8.46038267898      -6.9610038952       -0.561557024461     1.08047080313       4.377324236         -12.8112914201      -21.6757730135      -33.2070982719      -1.56656106837      
rwgt161             2.59564615383       -13.2466711054      -0.618448630954     -4.75990829223      6.94731886626       -6.54896043539      3.92014756757       5.70851392726       0.94241097961       -0.38925358182      -2.80826861436      -5.77520293403      -0.993378598144     -0.853841701648     -6.07341428324      -8.85038610531      
rwgt162             -1.89001999139      42.3538625264       -6.25305595519      8.0292654663        9.38971247029       6.78481749771       2.4468997482        7.0598996483        5.63679763021       -0.456308373109     1.34903972193       2.21450009775       -3.69756197845      -9.13820427154      -4.99204246829      -8.0825209996       
rwgt163             -4.73305249906      12.3204324293       14.1700667065       9.20050146704       9.24546314963       -1.53203239243      -5.11921420001      -3.54211877955      -2.01793542392      2.97711979408       -0.891996600547     -4.27685106608      3.13951415766       -25.5259769908      -33.8798103071      -3.60079071165      
rwgt164             1.41907365649       -2.53356806571      20.2186039741       2.51415217564       4.82817691139       -6.44676731336      -3.34140947435      4.01118603227       10.3370967328       2.6348313344        -1.53420666063      2.15613444641       -3.19518495364      19.5098754135       7.37663660162       -3.33239290438      
rwgt165             1.75485821123       58.5961915539       -1.50249780754      4.26054378166       -2.03419613857      -2.49662109034      2.53362325752       3.11480558058       6.96593448135       -0.601886225211     0.294945212346      -6.08290820537      5.90188887568       10.5059903493       -5.67878707232      -0.688138316172     
rwgt166             -1.70311617559      27.9908715149       3.80814687197       -2.92292870582      -8.78057449029      8.65266130964       1.85719966611       7.45161190277       -11.5710574627      0.811910351227      -1.00434073483      -5.24325430755      -5.68543792878      23.9170947138       -30.4623772792      -7.76513474491      
rwgt167             5.48215427711       7.35915339554       12.5619618565       -7.01489374616      8.72561803198       4.62863836044       -3.98442718354      4.10322003151       -0.306519434101     1.63872658822       -0.976144363802     7.40870764706       -3.98122588511      -10.0132927592      -31.6793030706      -11.3825476601      
rwgt168             1.28560454994       21.0785643165       -6.84916085762      2.96663913236       -5.31966482131      1.64817341268       4.26755453377       -3.34525509407      9.54344609645       2.6955924937        -0.729123851753     4.5568041091        -11.6585409697      15.1731961762       -5.84021062065      4.50902363247       
rwgt169             -2.80374413608      9.34799187437       23.5052723066       -6.44851583392      4.88274531356       2.24271226059       -3.86554610915      5.30485691965       7.45250819779       2.08184117839       -0.18058932373      2.14297930185       1.18147946767       -8.52286364299      -15.4278169851      2.14721811648       
rwgt170             -4.69579562467      50.6708385259       -10.4532831369      2.05814490808       7.35695497953       -1.14416235679      3.17294308172       5.95253543969       -9.44897108556      -0.950734202813     -2.91365069678      -7.25859837812      -3.81009134573      -16.6206906212      -31.2801056241      5.85276228745       
rwgt171             -1.63597344248      -6.27386957498      21.2800628184       10.4030832085       3.43061579909       -5.70469148306      4.11920987853       -5.81881379843      -0.0461627653704    0.224573950411      0.912524560514      5.49937189145       -0.519755968751     -1.07526977054      13.1029261587       5.44432877268       
rwgt172             1.36846322537       33.5197231822       19.7649500222       9.90295827998       7.94783008275       5.15565083978       -1.10835541984      1.17864598435       -4.96196911395      2.7598967538        -1.6655912963       -4.63845333221      -6.65211530287      -4.65741247851      -7.03339713259      9.34529266892       
rwgt173             -5.89047654653      34.8668130475       24.9267998191       -2.73757733236      4.41259625954       -8.69750677002      1.18923068518       0.77552244574       8.2075513163        -2.17292150686      2.36340358389       -4.97659117607      -8.32915322417      -0.0902682290679    13.9371759588       8.56225440182       
rwgt174             -3.65199692986      24.7685014834       -5.65567845019      -3.35700037583      9.22561608159       0.642288070444      2.1045449358        -8.77947159197      6.60492473223       0.330945055021      2.11495482039       -1.39354666794      -4.93809165197      -5.44389670874      8.65092839278       -12.8789013851      
rwgt175             -2.55736822923      4.10112681327       9.73052477083       -4.48873712375      5.59651286326       2.55820232227       4.05161543108       0.226688445336      7.41229248339       0.078705963309      -0.95676658155      4.42493862758       -3.46338302884      -26.4261854963      -3.04860293968      -6.11123032472      
rwgt176             -1.58507581974      -1.77016248988      26.181828069        6.60699427082       6.76633922981       4.77806363962       -3.86736309637      -4.1987224301       10.2754916641       -0.389240289367     1.1988379175        -2.90694142162      3.89649849096       -25.2744975924      -11.1493930682      -12.4539542499      
rwgt177             5.90596845581       42.7906538597       41.6851455881       9.95168780328       -6.20435270703      8.91290387984       -3.47422768065      -2.13844449154      3.48491701428       1.84410910869       -1.45359880483      2.05565260501       -4.90371910986      0.754666250344      -26.8444299137      -0.239881629795     
rwgt178             -2.1989953246       32.6476317654       0.914054397388      1.05530632186       -0.0666164402442    8.89462405291       2.17572405517       3.38437762807       -9.67246966318      1.70568657466       -2.86242009868      3.51593095532       3.03651220977       -19.8956378504      -9.78334494148      -0.0176767787803    
rwgt179             0.00173832735456    26.7986393545       -7.14410950704      -0.514082752696     -4.2677362902       7.54894445807       -2.52489016114      0.911191370296      -4.65030344591      2.12736573355       -1.37649626827      5.77405185551       -4.87111889101      13.3445788392       -6.81001588502      -1.79101485487      
rwgt180             -3.05236911396      56.041498177        13.7760760598       0.795792092919      7.03859129583       1.14964243806       0.888408179905      -1.8595941715       -7.24938474032      -1.20723707726      -2.99466725678      1.38171110232       -5.86932404274      -2.49456927562      -18.7121231815      -10.9801082727      
rwgt181             -2.11832580793      44.0255965814       -8.94707238924      8.11752881589       -2.83470868904      -5.96163380665      3.00416603281       -7.19686992124      0.26506629831       1.74152494713       0.690447102052      1.20373503732       -5.79901774749      7.16883836376       14.5778181325       11.5948876973       
rwgt182             4.32453235746       61.2019345722       2.25346080282       -4.71741297045      4.12531236885       3.23843473514       -4.84150322688      -1.07537735717      -5.13413136073      -1.64715301699      2.12564571242       2.32221422216       -0.973332497655     -11.20986161        -6.4446458466       1.19340684395       
rwgt183             0.0                 0.0                 0.0                 0.0                 0.0                 0.0                 0.0                 0.0                 0.0                 0.0                 0.0                 0.0                 0.0                 0.0                 0.0                 0.0                 
