                    ctW                 ctp                 cpQM                ctei                ctli                cQei                ctZ                 cQlMi               cQl3i               ctG                 ctlTi               cbW                 cpQ3                cptb                cpt                 ctlSi               
MGStart             -5.0220627142       32.910508898        -8.06388879552      6.00341187589       10.1627186606       4.8044717214        -3.86414608017      -7.15199842492      -8.33043055826      1.60662243219       2.82488549573       -3.8238121668       -13.2199172108      14.4917090973       -32.6006143796      -7.06240618161      
rwgt0               3.61836515758       -2.4606338384       14.9934311399       5.89853855989       -8.94056865401      3.30602960526       0.943672118192      6.41466023518       8.99805954079       -1.64654575659      -2.93759267315      -3.70753042613      -6.61511255918      15.253712013        -20.0150798945      8.20224244086       
rwgt1               -1.5775283996       38.8406941402       38.4089005134       -1.87891225986      6.12641935677       0.198362932603      2.50373274306       8.55346681064       -7.65806462395      2.56750839767       2.44476783428       -1.56636571095      0.492478193822      26.526026737        -26.8848012599      4.60344749625       
rwgt2               -4.96265729931      -9.91783588584      -6.23681047094      7.76085620568       -8.70416890542      -7.69866119723      -5.69291671738      -3.16361792008      -3.44060153059      0.978411200685      2.23804036524       -7.12866105655      -6.83720556202      -3.96064746569      -3.35921101803      0.540696481894      
rwgt3               5.2033428889        10.9163230404       37.3611777307       10.022772244        5.77866286053       6.18538511348       5.41203155792       3.78609418285       -1.55218354158      -2.62191810342      0.825319009407      -5.28391638933      -5.68496278052      5.59774648729       -18.5757924684      0.117037673325      
rwgt4               -2.63702933458      20.216366842        36.7261604449       -1.9839249523       1.70629970796       -7.63359901104      -1.6287623701       6.8285982841        8.70100754944       0.484953459549      1.12253498944       2.01046897507       -14.9550631436      23.3673250963       6.4740342435        -1.42257982052      
rwgt5               3.04630967585       47.2064272086       11.4165718207       0.775352455748      -4.36082231829      -1.79465208235      3.03760182345       -5.6329159276       10.236089364        -0.916974118307     1.79791876681       -7.43970712708      4.6328170178        10.4454987054       -0.0214919678644    -4.25407882991      
rwgt6               3.65921458469       8.65731660048       4.55220398947       0.0600381522217     2.91761365061       -3.49376384341      0.259114301207      1.46903411234       -2.8652296032       -1.16561996915      -0.824052278871     3.51141049676       -9.63397294472      23.3318574656       9.23728085915       5.18669726349       
rwgt7               2.02940398256       51.9971030996       11.2586065465       -3.8390093959       -4.34861810191      5.45686035578       2.29759044648       -7.4762089382       1.06521790929       1.38745652385       -1.72948215464      0.317953400493      -2.77079724186      -26.4502067125      -33.02418912        2.6374574449        
rwgt8               -5.67154126146      21.2535433273       18.7842686007       7.92789929754       -4.99249012035      3.48415511618       -4.3846878868       -2.79188963582      5.4138005071        -1.63348590589      0.854380229097      -0.44880015319      3.18042959481       3.50711065426       -19.4866984816      -7.21187269947      
rwgt9               -2.13018517424      24.1210219806       17.263132822        -1.0815932462       -1.3554977209       -4.5013923646       3.68095044069       -2.41351297436      -6.09829023935      1.31056538813       2.29317319963       -0.141271679419     -1.24201276986      -18.3932874409      16.3889896677       -2.2114081928       
rwgt10              2.1012075054        17.5981280133       30.0970488257       -4.21868007311      4.61641357736       1.99957993433       2.80038801252       -4.26320053234      -0.098114894567     -2.06096604173      1.72975739143       -3.38065060796      5.53332189317       -2.0942275742       -16.0908345014      9.88738401016       
rwgt11              -1.39436937012      52.2041840283       13.574032584        10.3002859338       5.17633737551       -0.19031903776      1.58028207522       -8.61084625181      0.212747577336      -1.80878635368      -0.753171147767     0.747682390281      0.194735022266      14.8344824683       -29.4019020136      4.19163817603       
rwgt12              0.162040592841      -10.8871076035      6.68228920608       0.336999808195      5.73807852584       3.41772981586       -4.0918691          8.92918538829       6.95095226997       2.25749803032       -2.35023091355      -0.327006341899     5.48842625997       -11.5765346337      -30.3961213521      -4.74238732473      
rwgt13              -2.25713271952      53.833319317        28.1236586364       -5.70259412466      7.63763267121       5.99826039438       2.23057861422       10.389850343        -1.58092289938      -2.36368320874      -1.97138775693      -0.112236014704     -9.74400180803      24.5770625441       -13.3322740371      5.08994886717       
rwgt14              1.53508878127       19.4118926832       41.4872780531       8.57501863784       8.60541697813       -6.51981777498      5.4055981371        -0.383172213839     9.85236157427       2.09274832355       -0.24631155348      1.88901593715       -3.75425053757      8.94595812044       -3.18184877579      10.5488965249       
rwgt15              1.54516743885       20.6221744582       0.993430105696      -6.19521101384      -7.6766410421       5.71577707062       3.82629785723       5.08155657812       8.05782736966       1.51653320996       0.118313004773      -3.46208258462      0.142779282264      5.5162704432        -27.184574485       3.35146995632       
rwgt16              -1.00935831059      18.8945936066       1.75028249341       8.79436363435       7.49709720512       -6.91196498515      5.08661190412       -3.7696822656       5.56160423786       -1.81274393557      2.45629393279       -6.55240566999      -7.06674679534      18.4793031998       -12.5107276308      7.24774271874       
rwgt17              -2.03150788788      48.0039857421       -5.57031122652      -4.87382516234      7.23045184564       3.82717413688       -4.37837756265      9.65636427264       3.18910150704       2.80610191474       2.21261854878       6.85370256491       -7.70812592543      0.778239375238      -21.7691107736      3.9609535735        
rwgt18              -1.09984237176      -1.42400365009      40.081908297        -7.65657222151      -7.9371223508       -5.28017957601      1.28799660424       3.5271393161        -2.36139847158      2.03955447467       -1.77855433624      -7.46976488739      -9.46531068973      24.4328677944       -17.9988474717      1.5670238587        
rwgt19              2.27679193513       47.7344763409       -6.32100654007      -7.38886467565      5.25588707634       8.66770932187       -2.75277976171      2.00075905362       -7.44682925093      1.53183724524       2.34304658216       -2.23928394906      -6.02402560205      -14.7595980551      3.97795298259       6.0135102132        
rwgt20              3.03911144816       -9.98546354289      5.56785998475       0.83866597364       1.12289609987       -3.48271001688      -3.28655480985      -1.65564165788      -3.9862281895       0.772169749179      0.557316634837      5.23935981361       -4.1440271855       2.81612006779       -4.8451743017       -8.84278065344      
rwgt21              2.69155123255       46.6070267338       13.7386724733       2.9580605061        -3.45046252943      -8.19245535265      4.57355447741       2.90207893569       2.16561140456       1.52658737268       -0.658763687405     -7.11228970868      5.21752020497       3.14798646187       9.44239866839       -6.31845998335      
rwgt22              -3.41891448393      33.5886955103       1.18607279987       3.37146423528       8.07981231619       7.40155972928       -1.85052190583      5.40933510194       5.54821851996       -0.697230542972     2.6178857182        3.01379338861       -2.95665297788      -26.2682205433      -0.345513952        -8.05627012533      
rwgt23              0.198269304212      32.8057175705       11.8568914765       3.90802355539       5.49380087101       8.05374085485       -5.31026720012      9.37008504885       -8.61892023885      2.62728620438       -1.31885293342      -7.14874966038      -3.83471160007      24.7682022165       9.06469270751       8.28139460386       
rwgt24              -1.0941052601       34.9317533095       6.55471018543       -3.30154168217      -0.1675397634       -4.77138574339      5.20068147828       1.28784811511       -6.25085119702      2.74072321811       -0.31839960356      -1.97078566756      -5.01059920054      -18.4720914887      -3.89937391917      2.07668040124       
rwgt25              -4.52850640179      10.035949059        12.0391624765       -6.28095044814      0.879684311893      -0.0847817082573    4.8146889092        -5.42229833474      -1.0074671284       -2.01260354871      -1.88333194327      -7.15389600505      5.87356822645       11.2506353751       -28.6861467263      1.64850618522       
rwgt26              4.56604501309       10.7096480188       -6.63327062287      -6.42636092396      -6.80173729277      7.11994754111       0.885346828366      6.87483505592       2.38992286703       -1.02234415053      2.39869161517       -5.49458669538      -6.2448779503       18.4907119565       8.83104725075       10.2627967202       
rwgt27              3.33047631027       43.3012722792       -7.46900474695      -5.59368244427      -5.29290664952      8.9606064328        2.46681503316       0.50817687841       -6.5632190362       -1.67648041739      0.650469233594      -6.69700652319      0.680714295337      4.72480097687       -27.9179500409      9.4636380272        
rwgt28              -3.17348551609      -2.15848913996      -7.79069216871      -2.79160844883      -4.56970964633      -4.54076613351      -3.60495425957      9.02656193713       0.434884988226      -0.0687182789519    1.23235230709       6.1778799269        -10.1365054932      15.0735346225       -29.3297111662      4.72270136005       
rwgt29              0.96837742793       10.7681999627       13.6467685241       4.76095763889       8.65644451927       -8.12775344221      -4.12525268535      -3.53781522619      2.56375666989       -0.805338279804     -0.0338078198185    -7.01647827554      -14.6190259012      17.9656139034       11.8607491445       -7.80776209445      
rwgt30              3.71337187402       -0.356478437737     23.627683903        -6.64080031947      1.98481434425       8.50819125083       -2.6169636226       7.07225035946       1.83568412908       -1.21688189033      -1.21833645167      2.804019643         -7.69906338384      13.4334634677       18.2482595579       8.76750165341       
rwgt31              3.76954085942       50.061374049        31.6024033907       -3.6627122455       -8.00692005721      6.24101563734       -5.81754196362      4.1547754555        -0.464331505252     1.16804105365       2.02747177648       3.73789374759       -11.0660285104      7.79777030931       12.3123777363       -9.64266348493      
rwgt32              -3.01542190363      -8.47909857331      22.8148440393       -2.52576631913      -5.66913573448      -2.94630869427      -0.243054590728     6.36449486698       -0.472962449632     2.53706827426       2.40454456907       1.12848533154       4.18679160601       -19.3699131893      -23.8849547811      2.41968011611       
rwgt33              0.164678219439      50.1548371112       -9.27146215636      -4.9470381017       2.83476270321       6.6259948166        4.61879952987       9.49404701864       -7.2399005768       -0.430061295883     1.74203404643       -0.230420378488     -11.2885933947      23.6036966632       -12.9690607048      8.47450865759       
rwgt34              -3.57353494408      1.4393694166        -3.31731092722      -3.42311739039      8.50887260768       -3.55118396229      -3.37530979314      -2.18189727432      -0.401673277212     -0.800709484738     0.0459388108325     -0.775325369824     -4.90125542669      24.3338617142       -9.12619736077      10.6219670472       
rwgt35              -3.61949790568      22.0878976291       -4.85489808111      -5.83972786104      9.90456500902       1.16606536903       1.36169370486       -3.01588965316      -8.68701693578      0.698779265147      -0.0823409756725    -2.40004450568      2.48879566563       -19.1683676479      -1.46346202641      3.59144775461       
rwgt36              1.98021672843       56.9420665495       17.918784974        1.72865955378       2.80263324697       8.22793332884       5.60058645495       -3.12610242017      4.03312888935       -2.90217518885      2.01970765916       -3.49236173473      -7.41652977762      6.06929246087       -2.35947950709      7.51537808081       
rwgt37              -3.91395829603      38.6707392244       19.5500154755       0.44622258781       -7.03538220569      -2.64281056236      1.20042399776       4.07905641415       -4.43889776212      -0.276352104933     -2.70510159387      0.245554305584      4.36461266652       21.0898018717       10.1753388784       -1.99874067501      
rwgt38              1.85305703682       44.794195925        13.720595032        -1.1250948442       5.38220877891       6.98565400964       -2.87965202352      9.01985176201       0.507077251258      1.99761825716       -0.0443326699145    1.04652972244       -5.55322378192      3.93766819547       -19.7984889607      0.0611702230175     
rwgt39              3.01279902889       43.9159206705       10.3409347941       -4.27468716533      2.93559383579       2.2243749834        4.79157321846       -4.52009118838      4.54085459428       0.305647204653      1.80933598085       -1.15492810386      -2.14809550696      3.19480231437       -26.3050169465      -10.7537637238      
rwgt40              -0.0790924879926    54.7465540661       -7.32364193101      7.6435180285        -5.54953794858      -3.94179436028      -3.2496908777       -5.75008814519      -4.26043443726      -2.20410432147      -1.20601298764      1.87213404478       -14.1654428256      -3.77426256847      12.3053170192       -5.90773750401      
rwgt41              -3.75709013543      31.5725668789       8.23365810403       7.3895584744        0.798162717677      6.46362141799       -1.20569900643      8.43162575946       -8.31929282259      1.22589998378       -2.78683443322      1.1548056912        -2.675784171        -14.8430804206      11.0907683711       -11.9571260283      
rwgt42              -1.19471357182      28.3216933781       39.0978809034       7.0706013919        7.22733877635       1.44381419617       4.32620970329       7.3911697131        -8.39487471062      -0.359816694857     2.01587970839       -2.78462561354      3.69796073564       8.78943834832       17.9894405356       -9.57066795883      
rwgt43              2.17757289829       -14.7819266025      31.7268807648       -6.18090938548      7.08511357819       -3.56149239369      3.02972727998       7.7202223242        2.22294066308       -2.33548468098      1.00357255848       5.76257010698       4.85216814074       -22.5809289098      -26.3880176296      -10.6547852812      
rwgt44              -5.95300453436      43.0397471363       -1.12270845328      2.05972042952       3.6392590887        -6.04467856363      4.845142353         -1.40071921393      -4.07430453406      1.72085475658       1.28550943708       7.27691925859       5.14699820695       -10.7683045019      -34.4970135024      11.7815424233       
rwgt45              -3.82468752857      26.723867928        25.3691780722       3.24895524779       -5.89907233499      1.45950423268       -2.2725044811       0.386688793384      8.04714251219       -2.7658110915       0.160758950981      5.43361232124       2.73662159066       -15.39262887        7.92017579803       -10.3716822937      
rwgt46              -3.93786130947      48.9560158366       7.9076650179        6.05545779014       -1.81380688358      -2.40682512427      4.25075074517       8.625683785         -3.39489524819      0.575261763101      -2.1912710081       0.939896185763      -1.94041193211      -11.6431022963      -7.60863157927      1.19212244413       
rwgt47              -0.859830926053     -13.5321183938      21.6624932108       9.08208726158       -6.15847295516      -2.84750991314      -3.68260795619      3.1972757558        -3.05728613186      -1.758799862        -2.89786964692      5.39596553154       -5.49694799803      9.95688872754       -2.95298661734      4.02971353607       
rwgt48              1.17339483045       46.6340125648       15.8412979782       9.88682194534       10.2414408883       1.93703838242       2.17845341712       7.22334646518       -2.65006496735      2.58082780181       2.61034296925       -6.6515425116       -14.3688979095      9.85334576797       -30.6753007863      4.49017149959       
rwgt49              -3.655899129        -6.05479952815      29.9464495974       -7.34483519917      1.06273285632       6.68410679571       5.44909880037       1.57842818847       2.38528218369       2.93676467875       1.45372672725       4.25248102694       -14.983451766       8.72134087719       -16.6224293828      -3.57180537754      
rwgt50              -0.0758862453189    49.2365515103       -11.0102011276      -2.88862992275      -5.19356081373      -7.4357167619       3.76839682625       -7.13694972898      -9.00089491749      0.485611722295      -2.97265906718      1.88141992467       -2.48371463421      -9.72094234414      -35.5723530562      6.08634197075       
rwgt51              -2.84284835707      37.0540520708       12.1097349793       1.00527482914       -7.6753440277       -1.78126502016      -0.392457111999     6.67317786941       -11.691046208       -1.62918053061      -1.69742126848      3.66509784165       1.28177859825       -12.7082836432      3.10031515111       -0.237707083475     
rwgt52              3.30677352056       47.8356521013       26.8372000395       -7.02918692562      -8.2475943973       -4.55420012231      0.411875184322      -0.0601887244149    -3.51955316233      1.68182166633       -2.83957730087      3.0149265828        -3.57062612871      -7.00652691374      -4.78932815981      11.9767386702       
rwgt53              5.02997420785       -13.2207214833      15.5344936925       9.1104700601        10.427053377        -1.94769098761      1.67695166317       3.12444057838       -6.23765863463      1.31758890852       1.44175682765       7.04227277842       -11.8073139945      -2.59734503533      -2.80867618835      -12.1435385071      
rwgt54              -5.55154375036      13.1549681406       21.2280877846       -6.16929503612      10.4208150372       -2.43794296032      3.29101214831       -0.728105151197     -10.1143095233      -0.781232555289     2.19811554823       -1.94200380639      -9.96376497341      -6.23754555732      -21.7833881035      10.5348365376       
rwgt55              2.61634150729       4.67795172919       26.6431603772       7.63017270884       0.438148444317      1.72029465989       -1.02696579983      -7.34889916499      -3.25016214111      -1.5748587813       -0.615744877916     -2.33896336427      -13.1401487779      -2.75274003985      -3.62584700112      8.14359478792       
rwgt56              -1.33135920764      43.6929578042       25.3086004784       -3.59172516017      -6.84208816466      4.56193494208       5.85915693728       0.573055434695      -11.4735181872      -1.20359363587      2.04174809443       4.05740232366       -2.12262614705      0.934603722337      -17.9505265461      9.39562252697       
rwgt57              -4.81189840982      21.4588435889       27.719468353        -1.21944743766      5.07435525133       5.84208511424       -5.88525331825      6.32444094184       -9.79712715554      -2.4044049383       -1.47433122227      5.3613478579        -8.27847345481      11.0811698001       5.96876538257       -5.03590582098      
rwgt58              5.97280383404       -4.37041884509      32.0367775708       -8.72651301549      1.83589697056       -0.583685013881     3.79541206061       0.163448957396      -11.0949144556      -1.5651297593       -1.59083382299      0.419832470652      -6.95903884003      8.3968904597        -25.3225579061      -11.5582267834      
rwgt59              3.27074286764       14.7044336294       32.2665500561       8.92372634561       7.18713296288       -2.93940155231      1.11104561778       -5.57634304875      -10.7907859402      1.1081694822        -0.969272186952     4.71493889244       -12.0247621217      -5.57218370239      5.77602268938       -11.8217461779      
rwgt60              2.82202280945       54.4951125554       33.2103694594       -0.564654368856     7.12914632342       0.64870487155       0.672199484796      -1.89286118169      0.221829508764      2.681182841         2.61774021508       2.16510788251       -8.50638580706      -16.3418273507      -0.875036268955     -6.45352619991      
rwgt61              4.35091391004       53.1300262965       38.9213089223       -1.36972334907      10.3201510053       0.0912939101106     -2.54514322915      4.87525959949       -7.60803834482      2.62064591183       0.735447802227      -7.14463754375      -8.45362661278      -0.644843839832     -23.6844360563      -7.51043072786      
rwgt62              -5.77352078271      31.5999681095       -0.297416101658     3.77985744707       6.62868877628       0.0251962887067     -3.70147717852      -4.24702104495      -0.505324018812     0.0879361307758     -0.701511751939     -3.96144696593      3.61685811748       -15.6614972823      -14.6942353692      5.70487207197       
rwgt63              1.96578671505       53.7879970341       36.3524357004       7.84588782348       1.5031910918        -5.79325663183      4.37236455941       -5.1104635266       -8.20492727265      2.69249871303       2.8185301448        -2.01097663669      -12.1578787106      24.1970967408       11.6554895213       5.86848269172       
rwgt64              -2.50910705218      -13.4641777977      34.5915458933       5.8684771051        1.98538904641       -3.50188487054      -2.36798124264      2.10306794582       -5.77748510716      2.18012603991       -0.564867501999     3.04234612277       -13.6849073587      23.1329244113       -31.5913328048      11.8415243278       
rwgt65              -3.35320818129      12.4886751634       -6.53074506717      -7.78922303822      -3.74912520965      -7.59037773023      -3.62122285784      9.82983359375       7.00546885132       -0.124949599465     -1.70725736706      -5.54607981201      -7.83222157186      21.4626405509       -17.6516970833      -2.18720437448      
rwgt66              -3.87990447672      17.2909590813       19.3479924159       4.31181226712       -3.90655197145      -4.87408345286      -4.74928782341      -6.95599473009      3.13936160992       -0.304872686727     2.8802014104        2.76037760575       0.360156736468      10.4277987932       7.38153462732       0.954254004498      
rwgt67              0.140754043129      38.1935625374       35.1040832036       7.60132288416       6.88393621564       5.77990606717       -5.1486272424       -8.81911042247      1.1722926592        0.482920074829      -0.138056679206     4.5029826733        -10.5963442374      -0.125962014413     -7.22132434284      -11.9940061483      
rwgt68              3.33052340713       31.2260452919       -0.0186308369208    -2.45986523269      7.47270198346       -5.21897026268      -1.57722654873      3.97862779721       -2.76457966868      -2.37684577019      0.390547905928      -3.91689572809      -2.63720177232      8.24950404709       -17.4938924136      -3.50390337581      
rwgt69              -1.67475738358      41.0373485019       31.2334119841       6.43627897462       7.19216650955       -7.42891260127      -0.0548327422633    2.72334681587       -0.242863346134     1.43519984494       0.636868755615      0.65633651619       3.64340935334       24.9470019408       13.3812981168       -7.61678846928      
rwgt70              -1.12234876765      41.1729442227       24.8210055046       0.350681400988      5.6950001158        -0.908792022991     0.617797697227      8.03004152989       -10.1045878573      2.18152231005       2.09119050324       -3.19552659736      -2.55990928853      15.8583886558       2.15793171422       5.30247720862       
rwgt71              1.84090262008       7.01509102271       -11.4729179662      4.43338068269       9.12427431246       8.24573052589       0.401455874931      3.20626169162       7.71266599418       1.30740678494       -0.821812072869     4.27903352135       -0.530994596535     -15.3644561667      4.27151866571       11.866409925        
rwgt72              4.82869432963       11.4994675405       28.1029692316       -6.57710724309      9.77751065605       -6.50642031806      0.78626898969       3.12692634023       0.31533384355       -1.13595603555      2.86208018623       -3.65366999619      -11.5851803548      9.0501613959        5.09877119271       0.685245609909      
rwgt73              0.640879906072      5.86037979005       -5.45658213924      -0.865924735741     8.7053244108        -1.6649516194       1.20939986166       1.31398014903       6.19715062426       -2.93096890151      -2.8688052528       -7.31376259877      -14.3178691211      -0.887653294823     8.52098879998       5.9570991804        
rwgt74              -5.77715216902      43.6809963822       33.2747976354       9.61011123527       7.44205487766       3.57599089038       5.21269187978       10.0004398554       -4.59492306937      -1.33693791285      -0.187630204106     3.26446480548       -3.28515014352      -19.5037140556      8.51377855196       3.05112729105       
rwgt75              -1.38920867573      -14.5507760532      27.5337037215       3.64652366007       3.52907824755       -6.37625259646      -3.33638044085      8.1586712388        2.69044006591       0.981338591083      -1.80110908576      6.05424813715       -9.07524714774      7.7945849089        -4.26749317594      -1.57088508578      
rwgt76              4.77967821834       28.0541949433       -6.88811616471      9.41079999763       -6.98456283526      8.11038392933       3.91283671755       7.73094362896       -11.2105918856      2.55666118034       -2.23887038328      -6.59641647025      -1.35422050761      -20.1010050449      16.3917906067       -0.201752325187     
rwgt77              -2.99797600316      26.2833128024       29.3833339711       9.36019130729       -4.66971926303      -4.29316766129      0.431463957231      2.9824781445        -0.239186712984     2.12073148887       2.72702576828       -1.50656708521      5.18120395525       -23.3162540141      -0.150060989341     -2.84717872424      
rwgt78              -3.34537631709      13.0900550055       35.7346919023       -6.67104753705      6.3935289867        7.62546085314       0.770006146309      -0.303499719346     1.65254078462       1.55988751901       2.95993869183       5.13592027229       -11.1938915382      -4.91899923747      -18.8297178389      9.87580341561       
rwgt79              -3.17686079862      56.4454130088       41.6926687534       -5.40942709317      2.97113696129       -8.78618932942      -4.00296080841      4.21479017512       5.37838287651       1.98490468105       -0.464739577631     6.12103384776       -2.83686349844      20.3651950476       6.97988897169       -2.9133263667       
rwgt80              -3.77078286372      54.9748750094       32.4739897651       2.09327886163       -0.581266191251     3.09314775817       2.98089323114       3.62047531432       4.65257103469       -2.23908210598      -0.135378086037     -6.17767847768      -8.99607457453      -19.1284703337      -19.8054942786      -7.66738779807      
rwgt81              4.12182971016       33.0784005017       -8.12643439348      -7.15652196443      7.55577206064       -8.52898498088      5.83447060877       -0.601958832839     -7.18517178534      0.350316141061      2.97737797226       0.57738818285       -12.7589781996      -19.6787178398      -14.8999510359      -8.24956096349      
rwgt82              2.68043273165       -1.68482563961      7.5750878277        -4.28190411662      9.62973046019       -6.34029690318      3.16854552466       8.41749063189       -4.91360432759      -1.69686000566      -1.93453465936      2.90659660382       4.08953010513       4.31213276226       -22.7126289898      -4.26091939531      
rwgt83              -1.22058050995      9.52283127189       -2.47815550147      -4.44371686184      10.4080582321       5.33933500705       0.542439390855      -3.60485360017      2.08079796969       1.55506243575       -1.91700483378      -0.887341885354     2.97083135548       21.4510944698       -17.8741484214      -8.36174841568      
rwgt84              -2.16734693504      12.411317642        14.9478475138       2.01046760928       -8.03638743704      -3.4787131185       5.65836677891       -3.1045363156       9.88893125626       0.2180425897        -1.79288266314      4.31530561588       -12.7302156061      -24.9196304841      -31.4369647254      -9.99403409291      
rwgt85              -5.27796917954      5.10709398355       10.5815212185       7.53762446541       9.74495073477       -4.30696722153      3.60746211244       -6.09784486782      -8.54490977599      1.58715648518       1.5249114149        1.49183463194       -9.01576990965      -0.810905081446     -14.4616873113      -7.00177952692      
rwgt86              1.32210170857       44.7066425041       -0.387791967215     -2.92491211443      7.35413377365       1.18354969637       -4.01594158916      -3.32137889728      3.59472898856       2.48922015516       2.64861824497       -5.84904924085      2.24091115415       -19.44679819        13.3455608908       -4.24672520558      
rwgt87              3.15067677149       -1.97002497602      -1.09790634226      3.49466493429       4.34198485699       7.84483622806       -3.54601814783      6.38777875313       -0.381336894046     -0.155595510904     2.22265906928       7.28170369201       -14.904805157       -9.94795445075      -16.9608486706      0.388130960395      
rwgt88              -4.05034780433      22.3412041611       -2.28759963962      2.39906011343       -6.01735951557      7.25704211074       -0.783274820564     -7.00111599708      -0.275837349731     1.53200644513       0.652018526218      0.591973250068      2.74516286962       7.24650361993       -31.1399274863      8.8265019029        
rwgt89              -0.419425432775     26.4203858898       -9.2436437395       -6.55046515991      3.59024727048       7.80519599494       1.65882737213       0.868283044769      6.22757229004       -2.88173139146      -0.662335526094     -4.05195789117      -2.2764937339       18.839619033        -4.48919775684      1.7097203935        
rwgt90              -1.09239385796      8.56153736674       11.1409119643       1.35588567959       -3.80925420981      0.846535208166      -4.11705493693      -6.13004718338      8.6315085824        -0.748990037611     0.496096708523      7.30071908624       -1.90617668264      -6.5382644927       -23.6297505179      -7.57263194879      
rwgt91              -0.586837299795     19.6630801129       1.60842110708       10.0518383464       -3.02235346604      3.42383290816       2.02849013524       8.43016894321       10.2714718973       -1.12868644075      1.69876068579       5.04944495268       -11.9436614969      22.7327462389       -21.9895904083      -12.3367709917      
rwgt92              2.71474157026       52.7691127377       13.6154217409       0.273905255504      1.8499426282        0.32326809998       -2.71756191574      -6.40664685312      8.85591550997       0.273320066449      -0.893168331565     6.62580830991       3.36611950904       -5.94121489884      -22.063555747       7.63588271876       
rwgt93              -3.29509325099      14.3878038127       24.1738722944       4.88190497403       -4.73511563675      -5.59342755877      -4.41169604967      8.84708004537       2.59349564273       -0.899606502391     -1.37642783999      -7.16762759943      5.40274716183       -14.0410825853      2.03378181442       8.15744225421       
rwgt94              -1.9605503475       -11.8269266728      17.7263625237       -7.34265227296      -7.73894574611      2.22944115896       3.4379039903        -4.39511249098      -8.29384662287      -0.53814225483      2.94997180024       0.249573419096      -1.95009281996      -9.74349499445      -5.28461012322      5.85648420431       
rwgt95              4.1277862846        32.1002453013       11.239016399        7.6025545976        -7.50833115716      0.195299318364      -4.17285964008      -6.84085413358      -3.95387030562      2.17075944055       -1.74432615144      -1.50532081864      -9.45846352897      -21.8266272848      -27.326093356       11.6493765675       
rwgt96              -5.52753497666      19.5753537121       3.84524802733       9.88441853711       2.53906237284       4.07905485617       1.74101191602       -4.21909210436      5.88602401202       -0.760870871789     0.256921291786      1.3282306857        -1.3105653668       -5.29463442902      2.80050858677       6.84810578308       
rwgt97              4.64076971449       2.17771755978       -3.7521385471       9.8702688491        9.03453647818       -7.50992759252      3.62907026724       -0.922097078515     5.2743805015        2.83598886186       1.92429874635       -4.54802603818      4.68967314362       -19.121436201       -1.23364245479      -2.44650729291      
rwgt98              -0.649972090634     -15.6251922865      0.0132091942352     7.92660066614       -4.94568371498      -4.46731475138      -1.93569695961      4.93609537819       -10.5246864802      -0.67605387605      -0.00866292561364   1.13535926436       -7.55896422864      14.8231817609       1.84336769802       -10.4121122499      
rwgt99              -3.167949476        -13.3792810467      -2.83200217191      8.41045129398       0.857754674828      0.636241371016      -3.8628396001       3.08696555105       -9.78575687187      1.18919230764       -1.1316396583       6.13666763364       -11.9812512982      10.6844707659       5.59689050011       -12.5834093829      
rwgt100             -2.99969788688      33.6685199586       -4.35161611038      -8.83256312181      7.64704468403       -8.21828086615      -5.6643981517       -8.01449415947      -4.18131809256      2.05152610808       0.615766101059      -0.509678768547     -2.19947940535      19.3867506109       -13.9016734998      -6.57228153644      
rwgt101             -5.04218150209      10.1369091224       11.1766870319       2.69668077736       5.8272514367        -6.05403616031      -1.84426488116      4.11307546783       6.17909244138       -2.38863888832      2.58937181362       -7.43314069983      -7.90675795058      -12.768947442       -11.6450693659      6.61052265352       
rwgt102             0.0603310866175     2.6391062204        -0.183219057282     -1.1896604465       -4.71426760506      -4.23866476705      2.80176811405       -8.97405310532      3.46723954738       0.344882168469      -1.78023521597      6.61042329284       1.36887411712       -22.119756679       -8.28381979705      -4.71456368937      
rwgt103             -5.86590991012      25.2325228316       1.33630818844       -1.12413910939      6.65811871496       7.94939941722       -1.06215906402      5.67499994594       -0.124569092394     1.43011900196       -1.07858681966      -5.69622044778      -14.9204830465      -9.99897578338      12.4885833285       -5.37291668155      
rwgt104             1.30641531519       3.14973546869       -5.38616190699      0.612398592875      4.7040627636        -5.59218893685      -2.68789416126      -6.74722196697      3.80167960444       2.39701621864       0.00550851618229    5.64290104196       -5.87925907723      -1.24889772085      -24.1147656766      -2.57614032132      
rwgt105             3.2337981587        8.0143144738        -7.03276958895      1.64797769943       4.91500898939       5.72491268801       3.57246614211       7.03069730873       -4.80125525175      2.44512184408       1.89026576852       7.06742477039       -0.102319930996     -17.8855289661      4.05317248448       5.23477389049       
rwgt106             -0.921486290085     34.4511874668       13.1763553          9.08222024815       -4.0685083085       -3.23773754628      -1.03768368686      -5.40169064414      -10.9331461842      -1.91765112624      -2.41711139684      5.16795757237       -5.16497457322      21.8729774691       5.31301745851       -0.505430418825     
rwgt107             3.25740092571       -7.27975226252      39.7842144386       -3.54031503412      7.22362761583       -4.39430673792      1.49188447333       3.40832133198       -6.85578422745      -1.89556112543      -2.99628253842      -6.2604831362       -12.9138555527      1.62050453897       12.1018092844       -11.1172061942      
rwgt108             5.45589645628       37.4281018148       23.0608030951       -4.22099153617      7.63165242792       7.11960145571       1.63018221893       -1.42052950934      -6.40743138917      2.84978785431       0.56482845329       5.99898632376       -9.43749069546      7.63402931068       -14.5379157564      -12.5908647027      
rwgt109             -1.64373576563      46.5938300863       -11.355080873       4.77303297664       9.56769448598       -7.7696018024       5.11877457794       2.62957584758       -8.24706477989      -1.27900323434      -1.00154444579      -3.44508075284      -11.9199699898      -4.78176476737      -31.9124252218      7.34278077618       
rwgt110             -2.22295873637      38.0234924562       -5.50740427825      -0.627107480741     5.97557095207       -6.48397809373      2.91937745695       9.11863263828       0.040239783598      0.602747754963      1.88952635623       -6.88604677124      1.80507910435       20.8804737059       -15.2664862861      -3.85108183678      
rwgt111             4.32769756701       37.3342411535       35.6595769724       -8.61248515536      4.541445815         -0.261796225305     0.784894155478      -8.51851110056      -6.02430872425      1.3013911938        1.16301280298       -2.02617498963      -10.0515787067      -13.721295213       18.3220251183       6.36382454216       
rwgt112             -2.71917130142      36.8751326835       -7.84001993368      -2.5256115954       -4.44128195357      -3.37494551848      -2.54898373078      -7.27123356314      -11.4838037962      1.97426842863       -0.121653862786     -5.3535926079       -4.66355699175      -23.8295516687      -10.5749496867      6.64038887444       
rwgt113             -5.47284145906      51.9254741468       -5.85129858339      -2.16850352449      4.82207940021       -4.13298788305      5.92783867183       10.4685424451       -10.4013647383      -0.752333567962     -1.70736666112      -5.18405952831      -2.01074923049      16.4496746089       -30.2511716606      -4.97658537315      
rwgt114             -2.68191429504      46.7010690713       17.805145775        -1.27879437271      -8.87121001223      -2.53839138656      -3.03635881642      -3.30732567413      -4.66513595857      2.29055746486       2.11067684294       0.41056070241       -6.20110751395      13.8154853105       -7.24770740174      7.07701161382       
rwgt115             5.8255443311        1.30598299115       40.71559962         -1.2101522835       4.52745432605       2.14179592085       1.97745322755       8.83281601121       8.2852226897        0.585091103946      -0.619181159165     -1.75362795311      -10.1088047196      -13.5679289806      17.4752731321       -0.194298389426     
rwgt116             -0.604001848306     -13.6639543558      1.02100242568       -0.173995734005     6.00857927588       -6.52165127917      4.61237894011       3.40251005265       -6.14688073962      -2.01077096301      -2.55422375778      -3.35000517778      4.75943225259       -10.7271296295      7.37791017837       -0.810685872958     
rwgt117             -1.11873367575      -11.4779848126      23.2292827181       -4.27505959622      -3.71859658819      8.98784449245       -3.58831204144      1.26581487502       -3.57568184708      1.3215422841        1.52422352503       -4.11858447009      2.372752543         -12.0024746288      -15.7141200633      -5.5700055671       
rwgt118             2.73610146144       46.6315085981       -8.19553306969      8.0400055035        2.02349652833       -0.0876237255526    5.83841894975       -7.69381980035      4.76857937936       2.36937330341       -1.06403122928      -0.212548713904     0.231840755946      -0.383858744203     10.7978170266       9.13739848995       
rwgt119             -3.80786931909      11.8098968094       1.84121692263       -2.24071273835      -2.84705995269      3.47792534324       -4.0041937302       -0.412544906645     -6.77044752935      2.56383802198       0.131088250451      -4.9324624434       -8.08273251074      15.2552737237       -9.08524264465      -2.61287332102      
rwgt120             0.512463458223      45.7550168137       -4.79776839909      0.311063079845      7.67579446479       8.30822785373       -4.05744857108      3.90055851543       4.26292054479       -2.26646277436      0.786075821057      1.75220250591       -10.4444166658      21.0658718634       -14.7842265979      11.992155807        
rwgt121             1.19257141265       16.0032205112       37.3261689335       8.08313444874       8.45725270345       4.73403964249       3.52151355672       -3.90794729501      0.773323865853      -2.74981917754      -0.28158631906      6.26839241856       -4.35178945054      -10.8619604363      -4.23457407207      5.00084406555       
rwgt122             1.43487388675       8.50255658537       29.31575978         -2.95318580171      1.88754295551       3.68242034175       3.8753902641        -0.260614239218     -7.36977605149      -2.65010216756      -0.426549584946     2.54209389547       -2.08681431825      -15.5235768924      11.4048396389       -13.0332277143      
rwgt123             -0.698680749811     -16.3682040595      37.6794199731       -4.43500171932      -7.68449725575      -5.91987711183      -2.25325811479      -2.68046730071      -4.03465258113      -0.775196396268     2.79119409124       -2.08294767483      2.96592140901       26.5180182371       11.2250946294       -3.09402379561      
rwgt124             1.67798773913       7.48474812313       13.5506381019       7.3488643358        -7.71648169856      -5.29212950719      1.23409768805       9.67395766314       8.51698687768       -0.572111957235     -0.666879995864     4.37225454464       4.82031230364       1.91712959018       -24.8586180828      0.0356729366003     
rwgt125             -1.30800403954      -2.12123479143      37.7097386744       6.88479043524       9.20310181039       1.01558675721       5.90279228575       9.55705417538       -11.7434687433      1.71859804147       -1.45917716879      -1.60004332907      -1.47699594945      2.07460255056       -26.9640798698      -13.1761837366      
rwgt126             -1.05997141428      44.2757200941       36.6392238531       1.39702391303       -0.0395534843472    7.76637848711       -2.83659454756      -5.50079372508      1.13796521633       -2.54558734839      0.327914766392      3.01505517787       -3.10830063967      -3.70778425081      -3.57977329337      -3.54889668354      
rwgt127             1.06164888113       12.925829816        -8.12011572315      -2.67254850815      -1.64522595237      -5.83596138481      -3.33292224741      7.59001620029       7.38369586874       -2.07949087994      2.98533792403       -3.21491425663      -9.88739177553      -2.26498437634      -18.7013015405      -5.17397197393      
rwgt128             4.09573923677       -12.9831049223      22.3358192865       7.97796154153       10.498707394        -3.22514738433      -0.978441162553     0.656483802576      6.98246174093       -1.91228359539      -1.51124777694      -4.55090764575      -4.60868825394      -18.034773917       6.68754400791       -9.3066937725       
rwgt129             5.19178112078       18.7043515463       38.6884182284       3.67308116845       -0.996457121144     -1.26761030973      -1.55245372484      1.03845469395       -3.3100930497       -2.93608944309      -0.203132368795     -3.71326667086      4.11797495907       24.1903209499       14.8857416248       9.47256374627       
rwgt130             -2.25625214709      -10.8546678407      32.1247560378       5.36875863681       -8.86211127482      4.87690519459       4.76445529534       3.82742283764       2.54271288447       1.62089830851       0.904084787661      7.16972534308       -4.16324137669      16.6371418419       -13.7341590797      -3.45331751318      
rwgt131             0.726020581432      31.2720657278       0.751169353317      9.7355222583        5.9660740873        0.406229087515      -5.91144736121      -1.77405582583      7.52937012038       -2.43355653029      -2.83050662692      -7.29346546461      -0.655993715463     -9.35841308193      -2.26562471126      -12.1527438271      
rwgt132             2.36285589119       -10.452848718       15.5468524155       -3.18085013629      3.59649563533       6.82753782173       1.48306356356       -1.992192861        3.19954850916       1.81651295515       -0.405684966989     0.945518831597      -9.56103251195      -13.5394048202      -30.0757262739      8.07040105125       
rwgt133             -4.59101143307      -6.10314422791      32.9367745686       4.0012968395        1.74304703867       -5.45032402732      3.3205542651        -1.45389351222      -3.19994801182      -1.49469157539      -2.84487300607      1.47387208795       -3.52150926469      11.5417952751       -11.0323064169      -3.43157486148      
rwgt134             5.20647430301       -8.21052164691      40.0638638642       -1.62164969132      7.60299376424       7.34143629816       5.35662328728       -1.76346482337      8.78383629875       -0.488439500593     -2.62730946779      3.01478727021       2.15251064761       -17.7402405119      -5.63166073559      -10.0757552202      
rwgt135             3.21809991477       46.2305713728       -6.86417619556      10.2206676859       -4.20560952172      2.11246284805       1.13779629556       -1.75670872109      9.25609727491       -0.792818428015     -2.09591844989      -6.1710016748       -14.3243969296      -26.5705992616      -1.303525056        9.40917579414       
rwgt136             -2.01529018772      12.5679992007       34.9144872801       4.23597569725       -4.4510026349       6.64772676382       5.98544210002       10.2187772569       -6.19750144133      -2.30921493666      2.54556931801       5.25187020286       -4.05832752069      3.48504437615       -25.2568048093      -0.0889594864442    
rwgt137             -5.61603986132      24.1132928286       17.7857588109       -8.86522018234      7.43841335968       -3.69602235443      -3.70156439849      9.90627436793       -7.37077529095      0.997812918191      2.65658369472       -4.51259672178      5.14751048145       -1.11190576796      8.41238961902       11.9068855142       
rwgt138             5.78888170777       33.1125192465       16.1505949297       7.88720775232       1.99951200782       1.32813737039       -2.57988005665      7.74348076156       0.655604491173      1.5587332356        1.38006428302       5.56672566071       -1.45177292331      -24.0657972134      -33.3468692943      -8.27142224266      
rwgt139             2.77945641695       11.9154410409       -4.26954183314      1.71556743709       6.32873551684       5.41605925376       -4.31075188712      -7.34152589471      -6.88559513149      1.41836957679       0.576321521087      2.242303396         -14.235821356       25.8118698129       -16.2668980195      -3.59486986287      
rwgt140             -5.02707875852      25.4567944859       19.1661084943       -6.18430135156      -3.24043436068      0.207203275403      -3.86613132455      6.0962415491        9.6154181962        -2.36735980575      1.37100284933       -6.26486124014      5.91519966656       -15.7737320551      -28.9918750379      6.65046689171       
rwgt141             -0.596109638774     -16.3503337198      25.6222762722       2.91401809965       -4.94690345372      -5.5916321847       0.0571835822173     6.04098771401       4.84917981794       2.08581486818       2.01302182938       2.03317219564       -2.13351617292      8.92142506324       7.47779943428       0.316534050132      
rwgt142             0.436926772263      26.6376656983       5.35880018834       5.1068920572        1.72779432191       5.32149943285       -1.30708341718      7.92444603766       9.20329094667       -0.59518285667      -1.66085235387      7.35596885405       -9.25181894292      24.0890131008       12.987037077        4.31248041568       
rwgt143             2.34703156905       42.6873998447       22.4612243315       -0.236929742032     -3.03717144897      1.95024211598       2.31348130298       8.44042761141       -9.32640450448      -0.488450676018     -1.1113322371       -1.82744392146      -9.70614771409      22.0907576282       -29.3499279826      9.23439405297       
rwgt144             -2.01431861339      38.7633054928       18.7517944961       4.91605013334       -5.37653874161      -0.937968046958     5.3947675062        -2.41638209383      3.42474744361       1.10742038267       -0.193334210679     0.230368108759      -14.015214639       -12.9884594281      1.19048972951       3.24396165769       
rwgt145             3.71169597257       54.5887864325       31.8689420469       2.78416112175       -2.07652177264      -8.7311064803       3.13104708669       -7.7730842513       -6.877210602        -2.96707236819      -2.19125920253      -4.37331650962      -2.40963810533      23.9728039796       10.5887463503       -4.21448667182      
rwgt146             3.72405231767       21.7155143086       29.497369004        6.2711068755        -5.10574824369      1.23647498268       -2.50318291677      8.76379486226       -5.81437076854      0.839945298174      1.52086637513       2.02552565222       -9.3509929198       -14.3214347094      12.0718922369       5.01771696107       
rwgt147             5.25524550799       5.15265258046       14.9933847097       3.34755277545       -0.510095409338     0.411569012963      5.95854398098       -2.77855278913      2.57261219665       -1.1353179319       0.551085723579      3.72652355498       4.63507183425       -3.83582558289      -2.19659107504      -1.08539796064      
rwgt148             -0.546394194076     -7.98096231456      20.1411206526       -7.58381279406      8.51234050364       -8.47183090833      5.19232664311       7.54066878408       4.50237666006       -0.461288869038     -1.54935826384      -3.41374021746      3.28198076979       -24.8611736879      -3.98057077902      5.00264664408       
rwgt149             -3.79869686764      36.7788180681       1.02671046063       -2.11748949451      -4.57726324358      -5.73552645111      -3.27488570789      -6.00721420821      0.853245493406      2.168938853         2.62406862764       2.4693220672        -4.53081595205      19.5234227058       -7.00924739864      -4.80701914803      
rwgt150             3.73483878787       9.05204696009       5.60244866539       -6.62653002639      -0.256013572342     -2.26371955948      3.87715471908       9.91775702477       0.0141529348254     2.08009623896       -0.637040608273     4.10598254071       -5.62185034134      -21.00160352        13.6176542979       2.80252562196       
rwgt151             1.10020975233       47.9807398991       41.7356943025       6.741630486         0.906845534375      3.57940213833       1.80112652432       6.90301632709       4.90394567117       0.403330906133      1.60145345107       -3.69331552051      -9.6974190702       -26.1777527746      10.521332449        -6.4068897425       
rwgt152             -4.71651234447      8.14789016819       -2.8519817476       6.35046229842       -8.63280058449      -5.12919833393      -1.75745995174      -7.50435701154      7.8777742392        2.6678351149        -0.164615571804     -5.41193100018      -0.150201342656     19.6805323712       -17.5451865254      7.78129438302       
rwgt153             -2.58756702077      58.9259709315       20.1644435571       0.0329414050128     2.56685276601       -5.02564839041      1.0897687292        2.35420550215       -6.4431387168       -0.628777963939     -0.894791995131     2.31381100336       -13.5461361798      -12.2747532179      -10.8391851558      8.99465594643       
rwgt154             -5.94816650908      -0.147245474927     5.48209315543       -3.63408208484      8.35025390911       4.34543311097       0.84395118757       -4.426296472        -6.55046818972      -0.76492438015      1.74159391385       -2.1678886666       0.210897351409      -5.15256809528      -2.38587997049      6.57324130146       
rwgt155             -2.05321776197      58.3013481204       17.0220849148       9.51276563151       5.15543817292       -2.99560638258      -1.93309036648      3.27142922175       -4.24880691752      -0.121775936401     -1.99410449285      -0.357800263201     -13.903519122       -0.106206988582     -8.24608391193      -8.76471569766      
rwgt156             -4.12325002777      -10.4652127878      34.5456532834       -1.86256478641      10.1695262715       -8.8542264293       0.84015139293       3.51472932536       5.48056164514       2.31647322126       1.58712989718       -5.29618252638      -9.83883440021      -13.143626823       13.9942280558       -5.07901013624      
rwgt157             -1.11298534103      41.6268872557       24.8208170686       -0.591367171132     -8.98560941688      -4.77661195142      4.86425560733       -0.910407277795     -4.10981216717      0.107898789338      -1.60262520518      3.91347530004       -9.98654009408      15.0442726242       -30.5762237009      -11.5371160206      
rwgt158             -4.47656199817      -4.66954793714      11.5772380442       5.02437173404       2.46072942681       8.58814058039       5.63387208855       4.06434191619       -0.0344381028535    -1.08762036124      0.627741508383      -6.47318802103      0.746197782397      -1.25864140897      11.8362971859       -4.73527985262      
rwgt159             3.19511016978       56.909362687        19.2325543839       2.17474150942       7.15376080884       -8.5361903239       -4.26214229869      9.4185655929        -6.60235865259      -2.63854390614      -2.76180471672      1.0333243103        -6.58195476166      -13.3190829383      -4.39702195247      -1.63281398723      
rwgt160             2.84378131659       26.2873831875       36.6188367294       5.41745644576       1.26026525098       -7.6389920768       -3.91003115065      -2.92254643348      -5.90574339897      -1.31281232615      -2.89507113415      0.518336557191      -9.39225229759      -3.21520282498      -29.1743171117      -4.14326262839      
rwgt161             0.380347478132      59.6220609845       20.9946587619       -7.69845203235      2.66189316876       2.45288131383       -0.578946747304     3.66933310865       -1.0104441556       -0.279144155512     1.04419776618       -6.88000698147      -14.9075517999      5.2658409006        -26.0852392472      -5.84150816331      
rwgt162             -5.19482621939      -0.570594983861     28.3095714968       4.23547139266       -7.19139143842      8.7787413852        5.12841922856       9.99094712429       2.326794759         2.78133312429       2.72613823342       1.40324868346       -9.29010480197      -18.2658690909      -23.273544512       4.44064841526       
rwgt163             -3.72356064162      32.750646968        13.7374926471       6.29895017361       4.15991814202       -1.42378609589      -0.204743645775     4.53877842747       3.68191459386       1.15198922346       -1.66138317199      -1.83013976915      -14.4899181303      -24.5930235759      -6.24198046909      -1.50858438974      
rwgt164             3.27011980913       14.9288125593       41.1472422706       3.97537910025       -3.938566579        -4.28814273703      5.52060221256       3.11670760636       -2.78825128942      -0.290088419113     1.39773082989       -5.56900022355      -5.13193701232      -3.96377753997      -7.68889845178      0.0538061382332     
rwgt165             -4.47193523766      4.42448487111       27.6814603789       -0.198357917711     8.37429564942       6.20979548631       -0.93938974748      6.84582465083       -7.78132424217      2.11227806087       1.86450562623       7.04048255104       -9.12314424733      -1.15118447699      -35.9688222643      -0.288361266304     
rwgt166             -1.51541157349      -7.39429133865      -11.1157723304      10.2974396921       1.25055907347       -8.87834732968      -4.09950116895      -1.46998453316      6.38737772771       -2.9868345508       -1.38528944357      2.23787805564       4.97857318809       -10.4809140339      -4.47654553687      -5.52607021123      
rwgt167             5.24438024935       1.353990254         -1.47735109025      3.34033414377       6.56299148867       -8.23287857214      5.43189170131       7.2434583785        0.800006994659      0.182309952414      -1.2146410017       3.0317836636        0.374652265562      26.2787732648       0.519987001197      4.06208863438       
rwgt168             2.48373313836       20.7126045556       1.58625813089       -0.438610118343     -2.61582227099      3.43777311402       -5.04552366827      -5.08022917918      6.7853215582        1.75246184411       2.979561466         2.99674587195       -0.185395883761     -3.90522821541      7.72690641477       6.71125210471       
rwgt169             -0.587377946482     -11.4816053825      4.98587620342       3.42516611861       -0.815659169681     -4.84848715203      1.27944619448       -5.86699915016      -6.54229939618      -0.508923013291     -2.29809304189      3.57839293046       -13.5649456072      20.1910384585       -31.3875768746      -6.78306044727      
rwgt170             -5.1129327352       55.0261226014       10.9861787228       -4.549803293        -2.62880916721      3.84806367123       3.67232421561       9.31585673387       3.67709641415       -2.78385349981      1.91377616216       -2.52064272302      2.53060694053       -2.54220279234      -30.9079507637      -2.48526195199      
rwgt171             -2.47683537391      50.9999938711       14.9393039655       9.53307052063       -4.20386585943      -4.92007326097      -5.17436230166      5.9813319149        -10.4499906559      1.87724038568       2.93779704154       1.01757253331       -3.89435000588      1.81879008095       13.4041694305       5.74056852002       
rwgt172             2.88179951956       54.810629994        8.10572021233       9.24298539629       0.866589425383      -0.191863538427     5.32424465415       5.6484892238        -2.78224489458      -0.0190154237125    0.199532941619      6.09037428276       -12.4596582758      -25.2452970435      -26.5577420146      -11.5879442375      
rwgt173             -0.745770866879     48.9814910948       19.7466065659       9.18208122395       2.36683403503       -7.68056604022      4.9289950498        7.44796970856       2.46083863556       -2.78529100232      -1.0003616135       -6.12637009605      4.34760577851       19.0945506032       -9.3243741138       -2.23191363479      
rwgt174             -2.20587967068      11.1441000831       -10.8994444807      -0.929309147047     -7.4768457757       -3.43313505396      -4.85470505689      10.2784181672       -4.52145089762      1.24081775922       1.19495591358       -2.83252612492      -8.41048637584      8.82754404018       -6.28847506786      6.63380984526       
rwgt175             1.46966483389       38.8825785611       14.8089194423       -2.3173767104       7.12278537817       -2.37723955179      1.64191480345       -0.766998362496     -7.26058032331      -1.20115992909      0.110635631994      -2.66678128824      -13.5056033575      12.6971313434       8.25036836949       -6.53427329287      
rwgt176             0.544785115357      41.3750974319       12.2804507203       -8.5309403653       -0.292770255999     4.17748323095       3.21970594358       -3.32883752413      5.93238493969       0.384198712256      -2.32536311695      0.393619277024      -2.75959910024      -24.9311992586      -12.2436438263      0.613641565155      
rwgt177             1.03816982822       37.4046302394       4.35009959502       6.79677240877       -4.36588423971      1.34197038389       -0.471812398391     -1.25390663755      2.8335776275        -0.867656687657     -1.10222367156      -3.42889709701      5.16377400957       16.6371135514       6.27509569102       -3.9764462242       
rwgt178             4.20143881918       55.7401134656       32.8115354905       1.34105643007       6.49900456166       -3.84663741366      -0.12400946198      8.11452970189       4.91678308267       -0.516647882154     2.51693652427       4.89669449484       -9.53172419895      0.996367316407      -34.2893273245      -8.78746595124      
rwgt179             -4.79920469793      -15.06622455        2.80898782604       5.26490161302       1.02969269337       5.56745012568       0.497496593676      -5.29226879466      -7.97914664115      -0.715833373009     -0.19791105131      -1.26371296674      -10.9821742877      5.47842861085       -8.59814913097      -0.339353615352     
rwgt180             1.74005019263       4.24314471621       5.75636555112       5.4028382404        -0.497778237602     -2.09375673192      2.66348684867       6.13399041471       0.0662307159128     -1.7636761581       0.176802590901      0.253333767738      -14.1180662172      -14.4341397728      -27.3005614066      -4.2117598947       
rwgt181             3.15504021097       46.7063095946       -4.52006081482      1.53404668082       -5.16827236971      -4.24827884926      -1.80752410101      9.60189878172       -3.38601614572      -1.42134409282      1.66723408722       2.72915795071       -3.39200247153      -9.84859209184      5.27198415118       0.789775590848      
rwgt182             -3.7926361787       30.728403592        32.9031958518       9.52785749942       -6.07117596651      -4.25738759538      4.58624072301       9.71585638324       -1.20719293966      -2.65965283913      -0.248557398601     -7.1793573926       3.57333401838       -22.818473833       -24.378695792       4.19975335939       
rwgt183             0.0                 0.0                 0.0                 0.0                 0.0                 0.0                 0.0                 0.0                 0.0                 0.0                 0.0                 0.0                 0.0                 0.0                 0.0                 0.0                 
