               ctW             ctp             cpQM            ctei            ctli            cQei            ctZ             cQlMi           cQl3i           ctG             ctlTi           cbW             cpQ3            cptb            cpt             ctlSi           
MGStart        4.0             4.0             4.0             4.0             4.0             4.0             4.0             4.0             4.0             4.0             4.0             4.0             4.0             4.0             4.0             4.0             
rwgt0           8.558447        -24.465871      -12.31296       -16.583108      -21.867315      13.465728       -0.336483       0.833515        24.568084       -2.843245       -17.802999      36.887291       -12.731062      -66.854597      -24.046608      13.802944       
rwgt1           8.180606        54.470722       3.121151        11.151203       -16.987776      -18.557935      -0.367047       -0.608392       11.861188       0.691084        3.516331        -6.112437       -48.864873      -3.129543       -21.871732      -5.285265       
rwgt2           5.653503        41.468226       -13.303578      -5.74261        19.983822       6.903612        -4.780233       -2.53469        -5.929065       1.577711        21.645565       47.905788       -13.167681      -58.191144      -39.139625      12.824964       
rwgt3           -7.271842       13.138598       33.071183       23.472414       -5.096705       17.123497       5.536163        -6.577917       -24.47608       -2.310991       -6.539321       13.974159       49.406584       29.734833       -43.336513      21.039137       
rwgt4           0.319675        30.676769       -24.395913      20.338382       6.185885        22.153721       1.806223        20.555046       -24.907137      -1.637654       -12.466282      -41.001629      -28.994577      7.415685        20.60372        -18.182937      
rwgt5           -3.564438       -12.342461      43.56269        12.565892       -10.273059      -6.095282       6.399429        -20.159742      8.846891        1.175828        13.936696       40.947503       -3.489698       95.88695        -8.552444       -19.916203      
rwgt6           -0.882069       -8.648481       1.266114        1.639726        -9.369156       -21.193725      -6.917434       -14.292557      -24.278494      -2.877947       5.700503        35.60946        -14.233911      77.44947        -2.723631       -7.552017       
rwgt7           -8.437499       -7.127544       30.361555       0.950771        -20.007248      -6.507106       7.088128        -3.656974       3.528069        -1.574155       -4.85505        -17.989636      53.485728       -75.976896      -23.899871      -18.563351      
rwgt8           -0.134555       -40.292485      -17.610771      18.158924       -3.376692       -19.760115      7.071785        23.549078       -21.42983       -2.196621       19.166513       32.859          -9.588396       -27.80395       -8.577303       -22.712712      
rwgt9           -4.575687       10.479988       45.981382       9.359364        13.983685       -2.203363       6.264553        -13.98113       19.233469       0.294658        14.599491       -6.187044       -22.206161      126.549894      -35.735577      -9.459723       
rwgt10          0.349589        -1.2224         33.927715       12.450868       -9.31381        2.26452         -5.685072       17.139425       22.20227        -1.849386       -12.180976      -28.566304      -3.435739       10.735564       -23.693597      -3.141795       
rwgt11          -8.731016       -37.044164      47.784158       24.867922       -4.943852       17.785565       1.661362        11.714422       -21.473918      1.534687        -2.743291       -45.167539      -18.476211      126.629306      -23.105217      21.139395       
rwgt12          -2.469282       -19.371556      41.472057       1.74343         0.634502        18.519543       6.994968        -4.059552       -5.052413       2.504062        -1.379463       49.628607       -37.435264      -48.03885       -10.817609      9.039957        
rwgt13          6.472109        61.075127       -18.900077      -11.120341      -4.371806       2.858967        -3.107189       -14.451533      -20.725         -1.804252       20.334574       -42.417014      41.775431       -26.238368      -12.43752       -20.217627      
rwgt14          -8.723599       57.883462       -4.29232        -17.735613      -9.345812       17.039238       -4.079955       -20.782943      15.454908       -2.460109       9.528651        -16.290525      -2.871426       -93.222895      1.868917        2.92969         
rwgt15          3.288756        32.600066       -13.050944      -20.412662      14.949277       23.761008       2.750293        -0.836694       -4.199444       -1.035173       0.073351        30.807838       -34.92226       48.442609       23.829691       -23.627032      
rwgt16          5.029564        53.805682       -4.265938       -20.887207      13.363075       0.247323        -0.656173       -10.702398      11.167732       -2.672376       14.142056       12.57409        -0.313242       45.777145       -10.160955      11.660478       
rwgt17          -4.02212        -16.754614      -1.972851       -14.999428      8.915357        -18.770046      -1.115335       22.291077       1.930345        2.727029        -6.601845       -48.577935      -20.542603      36.516944       9.986667        -21.383987      
rwgt18          1.610056        48.765563       4.595959        9.25216         18.552874       7.751248        3.779172        -3.051749       -0.674998       1.42456         -23.758825      6.03215         22.174217       -114.962584     -28.935144      -8.118407       
rwgt19          -0.907208       27.994514       13.735385       9.284803        20.061965       3.074955        4.700388        -9.061289       1.426454        -0.310729       16.761379       43.711172       -46.56776       56.490827       -33.183292      -3.324137       
rwgt20          -5.662705       78.463395       32.870557       23.815613       -4.302          -16.064817      3.046351        -6.17197        14.53017        -3.996137       -24.554037      -48.344216      -42.009542      -58.249831      -30.792143      -1.33952        
rwgt21          2.572752        61.775997       -11.884081      12.541229       10.056191       20.089269       0.022257        -17.231343      -23.245333      0.917286        -23.943727      -9.734577       -42.840393      -28.110247      31.315332       3.51622         
rwgt22          4.576388        9.12687         8.802695        8.166599        -15.462844      -6.002903       2.377725        -11.972041      5.318593        0.685561        1.414452        42.918416       30.763169       20.500125       -23.128505      10.162194       
rwgt23          3.465702        14.463646       21.32667        -9.779873       6.626916        -8.76166        -1.507445       -9.324103       4.798918        -1.362464       -21.694069      4.92431         38.582353       13.32566        3.469256        22.377514       
rwgt24          3.333833        9.29869         38.23968        -18.414028      -9.733396       -16.206757      -5.118703       -24.719094      2.240958        -2.676169       -0.349332       47.187161       35.960877       89.037793       26.909378       -2.221866       
rwgt25          -6.12572        14.443984       42.186107       2.883948        22.001671       22.559913       -4.159555       17.066369       -1.150717       -2.781663       12.369505       -33.895637      -2.916078       -78.300772      -24.487906      12.039524       
rwgt26          -7.530044       77.716404       -11.421532      -16.730527      14.015964       4.54407         -2.41434        1.395551        -21.126909      -2.609673       13.84678        -22.554134      -51.481856      58.026156       26.804961       9.581862        
rwgt27          4.124424        -19.610553      18.649418       -11.630456      19.455336       8.492004        2.127541        23.740389       6.598051        -0.240905       -2.092208       -42.90821       52.255023       -136.016103     -10.396769      -0.241701       
rwgt28          -3.973562       -15.698685      6.071796        -13.648126      5.186691        23.135576       1.673784        -10.408962      23.1916         -2.012914       -4.376805       18.475814       -43.628243      -102.843041     -11.695888      13.039335       
rwgt29          -6.292381       -39.788356      -26.344906      19.900081       23.482548       23.193328       -5.063776       7.901172        -2.543678       0.974261        -16.913813      0.822697        51.368537       118.686881      3.201753        22.011          
rwgt30          6.803379        19.976133       -10.445147      -11.633498      8.484728        12.768286       2.592393        -7.215118       20.480397       -0.747147       -0.023962       31.347225       2.238443        1.235888        -11.914863      17.551718       
rwgt31          -6.253989       15.03632        -8.373851       -2.062748       13.584405       6.846791        1.217728        23.306146       21.75055        -3.213658       -7.779325       25.177001       -15.939976      -102.151202     2.498823        -12.675045      
rwgt32          1.287522        20.321551       45.260759       -15.297855      11.997511       21.840124       -0.785028       -2.530925       11.705792       -2.374239       -10.016545      -25.849353      -42.848785      39.697567       -23.7086        20.541995       
rwgt33          -0.825286       34.881314       29.43986        -11.231401      24.57824        -24.274018      0.775274        -12.618313      0.800288        -2.32301        3.189333        -23.189195      19.360426       -139.260294     -35.363468      -13.666741      
rwgt34          2.175634        39.124348       32.343434       -7.347773       -11.744386      21.162314       -4.472772       3.643282        24.423529       -2.821315       -16.803866      -42.561977      -38.465186      114.679742      2.551451        -7.514797       
rwgt35          -4.162111       29.066417       51.706396       2.648413        23.449448       22.751672       -0.03078        -8.150966       -10.357415      1.756335        21.72494        31.263899       -30.234906      -42.860649      -31.555988      7.901085        
rwgt36          -8.515028       -19.981784      -0.12913        -12.875306      19.375916       19.055694       -4.224859       -7.002405       -7.910672       -1.735886       19.006156       25.683119       8.207662        -107.291338     -0.765274       4.033975        
rwgt37          -3.259933       17.076448       12.692505       -5.75941        1.861635        18.730759       1.36696         2.970758        -11.627444      -0.528956       4.576021        13.087707       -20.58109       -25.811479      -10.582056      17.836642       
rwgt38          6.898032        2.456327        45.366798       -18.591948      19.092722       21.963501       2.946215        14.588835       0.271415        2.690589        15.746143       -37.92374       3.477025        33.03885        -35.67443       5.536011        
rwgt39          2.873762        19.764698       7.472986        -6.439445       23.836113       15.530501       -2.787538       -4.915386       8.599054        0.211535        -19.266581      -38.223719      -34.783511      -21.766508      -13.499879      -19.846338      
rwgt40          -0.423669       -22.641347      -5.968398       -6.060159       5.135625        24.068011       -5.858216       0.040612        -1.66088        -1.650813       12.715435       43.000472       -12.311192      90.482407       15.122561       -1.106737       
rwgt41          -7.295807       74.261063       37.886533       -11.922439      -22.726617      6.877411        4.524624        11.319385       9.501733        1.731257        -4.783268       35.061294       -22.517925      116.064459      3.15641         -19.286676      
rwgt42          -7.175767       68.648572       3.789175        -4.400861       -13.877613      -20.707306      6.207044        -22.621487      4.480134        -1.193702       -13.573721      1.520183        -39.281594      18.697223       -40.321907      -4.899548       
rwgt43          -8.836647       11.887458       -11.936111      19.255653       2.817462        -13.675294      -1.88416        -23.86601       -10.617441      2.521038        -3.967112       49.673619       30.656921       -70.351196      -33.490524      16.742909       
rwgt44          9.721752        74.344538       16.635883       -13.169216      24.201142       24.762293       2.562562        -8.751261       -9.352927       0.147315        18.281259       39.445082       -11.319969      61.138151       -42.340787      -8.694238       
rwgt45          -0.513275       -18.83526       -16.320927      1.399169        -16.650507      -4.055039       3.78286         12.654669       11.944813       0.282449        -5.62031        28.576228       35.037083       134.9746        -31.228937      23.63598        
rwgt46          5.860286        7.309445        9.369658        -20.220737      6.719801        14.001069       2.254215        -21.563705      -14.665858      0.568121        10.376332       -0.827751       -47.569307      141.022804      -10.976759      16.879168       
rwgt47          -5.709067       -38.03019       18.40088        -24.281183      10.428911       24.983767       -2.054201       -1.247526       -13.661197      0.227017        21.272922       -24.999802      4.998202        72.600301       3.739           24.716407       
rwgt48          7.155837        -7.314905       20.251277       21.235957       9.1361          -23.6649        6.929742        1.422027        7.348279        -1.725726       22.018501       -47.097903      -10.57661       136.137586      -40.077799      -13.202114      
rwgt49          -1.705013       69.773547       -22.776664      -14.955333      -9.022784       -13.22196       -1.679638       -11.149429      14.779305       1.587063        3.310912        29.677477       6.693846        -61.765117      -38.946661      17.389441       
rwgt50          -6.781968       -15.135126      18.587238       -24.11184       -14.398419      -15.300385      -5.233498       14.072299       -20.323934      2.337608        15.587261       18.375607       12.134433       -18.128542      -37.322668      -6.089038       
rwgt51          2.762668        26.600231       -3.011896       22.979227       -16.591738      18.657983       -2.422726       1.657099        -7.478985       -2.1819         16.400756       45.331058       24.482793       60.914724       -13.161236      -11.190597      
rwgt52          -3.09588        25.935719       40.509365       15.852521       -20.828284      6.649221        -4.409695       7.82807         20.320649       -1.902682       23.194264       35.208088       48.714807       -123.058616     18.144167       -13.234118      
rwgt53          -8.740061       29.888063       5.766553        -16.756306      -18.859902      -18.586094      5.058211        -1.260496       15.371722       -2.616826       -20.710236      -37.534018      -21.504482      69.00346        -1.675881       10.497736       
rwgt54          9.357331        -15.871016      38.843718       -13.783891      9.159925        -4.310956       1.368544        -16.337134      10.9488         -1.88286        -17.968828      -16.465949      53.570415       -103.249425     -18.935264      -16.56258       
rwgt55          -8.501703       57.13385        0.542207        -22.419179      5.70431         -10.258195      0.438352        -5.294871       4.381956        1.645873        -17.542336      37.15292        -1.728706       -83.888866      -7.666065       12.850035       
rwgt56          5.679703        -35.518741      -16.400382      17.567348       11.557353       4.539052        -0.306819       -4.97569        15.594297       -1.126674       -23.709794      21.619167       42.293417       95.484376       24.038689       -14.272273      
rwgt57          -0.282707       -17.317348      -1.912806       -13.287263      -15.204825      -6.661334       7.06265         8.291027        -23.252015      -1.20602        -14.498702      32.504627       51.328847       -100.6727       16.847909       8.747503        
rwgt58          5.365764        24.536982       49.183418       2.034602        20.181067       -21.006134      -3.76887        21.178323       -17.608284      2.358104        -4.102639       -29.78291       -43.535002      -138.023277     11.224118       4.440833        
rwgt59          6.151848        6.68308         -15.924316      -13.646939      -13.055064      -7.028786       -1.715757       -9.816976       0.644586        -0.404947       12.416891       -34.742961      3.374468        -86.189516      -19.277278      -6.616739       
rwgt60          -8.948422       68.914515       -1.194087       8.547975        20.794967       -8.336813       2.551479        5.656735        13.108223       -1.78362        -23.987743      2.318204        43.101818       89.464551       19.196347       0.482249        
rwgt61          4.681465        67.792351       -6.02083        -4.711118       -10.228968      -17.50381       -2.921264       0.228451        -8.246697       0.171542        2.418552        51.325392       -37.695661      -66.818009      -11.452358      -12.904585      
rwgt62          -8.450535       52.134456       27.370854       -2.935929       -8.306476       11.454297       6.860609        -1.219777       19.775477       -3.056792       1.877166        -15.053729      26.915375       -11.996525      -15.860273      9.744895        
rwgt63          3.100669        21.221526       35.47797        7.142326        12.141924       23.854813       -2.605669       19.19237        15.257232       1.987746        -19.787988      24.858342       -38.148173      14.375557       -14.419427      17.662435       
rwgt64          4.779797        -23.287292      -18.370293      23.899754       6.921037        7.599293        -6.26324        -1.215099       6.338645        1.752805        20.967813       15.044795       17.322886       -91.915401      -27.717605      16.447712       
rwgt65          -8.732671       26.665537       7.334486        18.967301       -10.733007      1.42408         3.431729        14.707323       7.774035        0.869157        16.944808       -14.668557      -28.192108      -103.361599     23.166279       -7.48562        
rwgt66          9.683709        13.944062       -0.915239       5.781297        -4.615453       -23.547157      4.079696        19.687711       24.213978       0.987844        5.336417        11.355056       -25.999299      -46.943132      22.055204       2.872848        
rwgt67          0.588283        1.958974        38.287016       4.770842        12.331388       -4.071358       2.752598        -19.656282      -2.591869       -2.093163       -9.449446       30.971175       41.279674       -43.213644      24.078492       11.595553       
rwgt68          9.252253        35.802436       37.35026        -13.678131      3.636512        21.77072        0.758297        13.38575        23.555833       -2.803929       13.403523       -49.890375      12.416352       76.46208        30.823727       -14.934187      
rwgt69          -1.297956       2.991834        39.293455       18.605697       17.715264       -15.092785      -2.524252       9.48754         24.221657       -2.616681       -18.826929      -31.512729      30.698548       66.40666        -30.37759       -16.331136      
rwgt70          9.671481        57.958797       -13.511284      -6.801679       -21.646163      22.081504       2.950431        1.107869        -15.316248      -3.430916       11.36414        -42.251987      2.739064        59.789142       7.056518        3.362837        
rwgt71          2.332064        -43.960524      10.01593        -14.057004      -11.270967      11.634188       -2.236972       3.67762         -5.215273       1.030677        4.705674        35.492736       28.890099       108.401972      -10.240333      -24.25248       
rwgt72          -5.36807        69.38778        19.19208        18.577728       3.064433        14.738504       4.835553        23.858345       7.345569        0.403728        2.180206        -16.532818      13.627997       50.094954       -31.21611       -2.216355       
rwgt73          4.77309         37.178897       8.039387        1.666039        -20.298504      -6.834552       1.216141        -16.167137      -23.505186      -1.358768       -19.242057      48.244363       4.026173        -20.678627      -8.807907       -2.166074       
rwgt74          -9.65826        27.034385       -18.39599       2.997582        -4.654977       -20.845271      -6.578738       15.976649       4.432209        -1.233552       14.785182       21.177895       46.609593       -131.884299     21.919473       8.939242        
rwgt75          -0.455321       37.773564       18.170516       -3.159524       -10.207014      -19.026173      3.209741        5.333917        -24.458344      0.840903        4.119654        -49.642669      -22.732006      87.733671       -43.964856      16.515821       
rwgt76          -8.409659       -20.268074      47.678971       -10.24928       -16.032364      -5.226232       -6.224902       -12.213002      -13.327631      2.706699        -16.154857      47.230913       -46.661367      -19.174379      -37.837392      -6.318222       
rwgt77          -8.533456       28.425568       -25.004926      -23.188937      16.537535       -4.656679       -4.33366        -18.795213      2.237346        -1.922976       13.177948       17.585363       47.693076       -39.490473      -23.52769       4.227996        
rwgt78          -1.053464       -16.851601      35.307836       22.637095       18.416752       -1.367074       -6.784568       -15.433617      12.366836       -1.56915        4.228371        12.571445       -22.872827      125.13029       -46.756721      -8.962256       
rwgt79          -9.806399       18.202746       -25.981296      15.414652       6.259995        -8.754928       4.29448         -3.711076       8.120518        -3.44023        -6.381903       45.929048       -9.603792       20.650997       28.482358       -19.522704      
rwgt80          -9.593415       -33.033447      -13.105328      -13.380456      -7.797496       -5.476773       -0.435491       -2.127267       -19.871642      1.09916         12.447598       51.040298       15.71717        41.34316        -14.366124      2.898196        
rwgt81          3.5892          32.660028       27.36375        -19.614988      20.477935       -11.882136      5.844863        -10.681712      -20.27354       1.127508        19.150585       -38.550178      16.856451       -131.828222     8.592048        19.870616       
rwgt82          5.789417        -38.237436      3.723562        3.316275        -15.588862      -0.41603        2.263949        -23.689153      21.754757       2.52559         11.972736       -50.310082      0.550472        -84.318536      24.431716       -19.696752      
rwgt83          0.936924        57.402143       15.98872        -10.838723      14.118974       24.595425       -4.779502       -23.629739      19.184584       -1.489914       -21.374867      35.428104       -43.657048      100.215401      19.504037       18.196508       
rwgt84          4.935241        -46.007881      -23.382187      -15.315823      -24.42926       -4.916562       1.818269        15.746154       3.534281        -0.90577        5.727807        46.561689       -53.843199      -97.028495      18.416614       -6.957325       
rwgt85          2.459869        41.192404       5.608839        22.455092       -20.998828      -22.323537      -1.666853       15.857561       4.07138         -2.339761       -11.204188      -40.152499      43.910498       -23.320759      14.220506       -1.644825       
rwgt86          -0.105824       27.785019       18.781756       14.478474       16.381854       22.206724       1.711611        -10.077609      20.786325       -2.068102       -15.673064      7.86356         30.972864       -101.601247     12.086238       -16.216428      
rwgt87          5.35732         -5.92577        -19.916214      20.585765       15.147128       24.525877       -4.902665       -22.303294      19.063082       -3.821576       5.45702         -1.568687       -27.291196      63.84122        -22.634221      -20.995726      
rwgt88          -1.076372       -28.841747      32.526303       -13.213278      19.144434       18.892373       7.104124        15.289035       -21.088375      1.908938        -2.509904       13.641254       20.890703       102.971314      28.265904       -4.307482       
rwgt89          0.743892        33.452127       30.572368       7.81477         -18.764458      18.044945       -4.118921       -17.472741      -7.240332       1.337473        21.019975       -41.585201      -51.226758      67.243572       18.688862       -15.343509      
rwgt90          -8.800698       48.833092       2.296217        -21.067495      20.509868       24.919526       -4.021368       1.2151          21.945571       -1.581564       17.957296       -46.747244      -41.245496      52.818544       -38.302196      -9.828853       
rwgt91          2.259118        28.918535       10.965249       -18.413578      -7.47532        -15.925746      -5.766003       13.294964       -11.504602      -0.361878       -2.010995       -31.895231      -56.177867      -0.288579       -43.683308      12.374361       
rwgt92          -7.482878       50.552269       -9.884798       -11.008272      6.725825        -15.557914      -4.118191       -0.999206       7.424319        0.89973         -13.404635      19.472489       -1.169867       29.540798       10.986855       -13.236439      
rwgt93          -8.626637       -7.934016       -13.632161      18.604766       17.392608       19.17272        -3.438368       12.963011       2.063137        -1.599411       -4.011611       3.598635        -31.387926      117.965453      6.262037        9.399157        
rwgt94          0.354036        -5.098386       -26.365359      -16.111901      7.323379        1.859257        -2.177963       -2.897786       16.738689       -3.22155        -7.486965       -13.391488      -18.167423      55.061418       -29.711591      -24.613392      
rwgt95          -1.320437       77.212301       39.340106       -16.155045      2.084781        5.318205        -0.518869       -22.00811       -17.583197      -1.265328       8.004675        38.191088       -15.24816       84.58706        -5.032318       17.108655       
rwgt96          -6.468571       50.274466       4.526829        22.928119       -4.23703        -11.687321      2.514092        7.852545        -13.054839      2.640597        -21.946233      -3.490333       42.371279       137.641477      -37.951022      10.154373       
rwgt97          6.955479        14.832149       -16.922266      21.163835       -23.384227      10.549915       5.551261        1.966893        -20.47147       -3.247787       13.032865       3.848489        -33.276064      99.590018       15.845341       -6.493697       
rwgt98          8.632941        42.197372       43.102472       -15.382632      9.739877        -23.621864      6.64467         17.529163       -7.048821       -1.173368       -20.327776      -13.26073       -55.01285       96.437625       -41.255949      -9.150084       
rwgt99          5.395555        -35.467483      -10.266098      9.551744        9.564652        -5.121234       2.952559        -20.657223      -24.459995      1.444683        21.443749       12.630479       42.268273       108.840984      20.545495       -5.462067       
rwgt100         -4.593921       77.432259       21.079778       7.741389        -15.593997      2.595277        3.075353        5.799602        -5.203657       -0.729342       -4.22599        3.252928        -4.586589       75.20486        -0.458779       -5.973855       
rwgt101         2.612385        2.812193        10.207334       -1.716868       24.985124       14.544333       5.712704        -1.171984       4.579545        -0.470334       17.03626        -41.764319      -55.188074      -80.710724      12.306436       -18.358019      
rwgt102         3.748577        -34.802307      14.26263        -14.847315      -1.859177       18.070618       -5.4967         3.503241        23.679127       -0.338593       -7.230769       -37.287624      4.46169         -71.54505       3.347537        22.044384       
rwgt103         5.732348        -41.984713      25.190589       12.721927       -11.785454      0.877772        -3.156992       11.97699        -24.371241      -0.698973       -12.6175        51.499214       8.680821        3.568561        -47.180019      17.764995       
rwgt104         -0.969336       -35.366529      -19.110206      21.736372       12.282452       -10.015256      -4.70695        -19.019343      -20.852033      -0.020918       14.337041       4.978017        -20.823183      -101.823891     30.70486        10.549116       
rwgt105         6.699822        -3.195758       -15.31751       -6.019868       4.74696         -24.465265      -4.279671       -10.609174      -12.689688      2.7062          3.905715        8.641717        2.257287        -10.368857      -9.619433       -12.628454      
rwgt106         0.757319        60.329          -27.136925      -8.06043        14.728617       -16.213429      -5.155631       -7.151651       8.717861        -1.092805       -6.561323       17.050817       -18.684605      -15.260638      17.674444       15.495357       
rwgt107         -2.107474       -31.917397      -12.815914      13.486916       -9.833788       -4.420447       4.357689        -7.949111       -19.355346      2.248897        -14.116032      -25.057101      -42.878412      6.810546        -35.654792      10.673086       
rwgt108         6.434307        39.126366       41.28918        -24.575714      21.69921        -2.891107       -3.651244       16.411455       -0.861708       -3.09487        -10.127631      5.90445         26.075244       101.293133      -22.344733      -0.298906       
rwgt109         -3.73892        13.536882       -10.052552      16.552365       -5.245781       -19.896509      3.716377        -19.925027      -5.247561       -0.70017        -4.033922       -20.048497      47.212801       -18.643756      -19.559943      -4.684692       
rwgt110         -3.155032       -39.706647      -6.839994       -10.760791      -17.019678      24.165245       3.193535        -17.202247      14.608034       -3.261155       -23.424154      41.437956       -27.431905      -109.914286     -4.889403       -9.660215       
rwgt111         3.606322        68.391693       25.193668       -8.774577       -11.871072      16.104219       2.435439        -23.416587      -7.094709       -2.345286       -24.06548       5.293848        28.117004       -12.133609      -43.94363       15.718383       
rwgt112         -5.072287       55.018408       -19.846895      -21.898841      -15.485929      -22.326529      -3.701032       7.707411        14.316644       -3.920688       -9.040092       23.54082        23.058168       -11.282673      -39.559566      -5.232825       
rwgt113         -9.74623        -32.301865      45.705157       20.074214       -11.899572      -20.378896      4.765396        -22.401052      2.571334        -1.517942       -2.023754       20.194968       46.982402       -94.528656      8.0805          -14.341391      
rwgt114         3.515101        1.701285        49.270248       18.284978       22.636054       13.525247       -5.156549       12.149384       0.586487        -0.362182       20.473777       -5.168887       30.582925       103.760014      -27.51837       -23.48944       
rwgt115         -6.380228       65.83129        7.288826        -2.320457       20.836296       -10.968946      -2.010016       3.25055         23.902242       -1.587953       -19.278662      48.708465       30.097881       133.546169      14.156343       -10.593722      
rwgt116         -9.430443       2.32159         -5.424122       1.00734         -12.285877      -21.278369      4.259593        -3.998501       10.879984       -0.685144       12.287147       15.118367       -16.015946      75.039248       -14.546254      -3.06433        
rwgt117         8.87044         31.130016       -18.236892      -6.489021       16.566824       6.762101        -6.342504       -3.999096       10.151899       0.068784        1.251217        34.400978       29.985775       46.780868       -32.225677      -12.907376      
rwgt118         -8.019496       -13.831474      33.035137       -7.166605       -19.365952      -1.496593       -0.969938       4.136073        18.828891       -0.69088        1.1622          37.110257       -47.74478       -13.536479      6.798932        -6.676423       
rwgt119         -8.160819       -38.302517      30.168915       7.867685        -16.149996      -13.164718      1.453982        11.626678       -12.429258      1.04649         -21.211037      47.85821        -16.062834      -59.365092      -44.46052       23.926466       
rwgt120         8.17014         70.507247       45.204056       -8.623844       0.772012        17.540414       -4.048721       -11.044952      -7.33388        0.774498        0.929589        -3.448836       47.304546       -25.480045      10.997527       7.322424        
rwgt121         -7.625655       -1.590412       -2.199805       -20.375139      8.338708        -16.415041      -3.757548       23.203116       19.040595       1.092482        -1.490461       37.02756        -48.458293      63.037833       -28.067386      12.466893       
rwgt122         -5.36158        30.42184        26.241924       12.903538       0.778479        8.760341        4.558188        -14.21939       7.440083        -3.133748       24.194239       23.860658       10.326796       68.144416       28.720169       -9.715346       
rwgt123         -7.026279       57.582032       45.644382       4.523543        -8.832954       21.111685       -0.157177       -9.997206       8.685194        1.025054        7.361946        -41.907937      -41.812224      -106.775194     0.292114        0.431024        
rwgt124         -0.920797       36.783585       7.664569        -8.498689       -4.405664       19.20744        -3.144961       -7.646821       -0.79903        1.776953        -5.26882        -3.757785       -29.254185      82.016534       -21.191616      22.553798       
rwgt125         -4.892885       67.680411       -22.444188      20.792433       21.507679       -14.144007      3.532335        8.782713        13.741866       -3.146445       -2.26846        -43.6806        -20.949436      124.136779      29.951761       -7.751598       
rwgt126         5.814878        75.560062       -27.107662      22.75769        9.527282        -4.710164       4.498078        -22.490851      -4.848598       -0.596548       -23.678648      20.890456       -49.651253      70.531813       -23.916611      6.101522        
rwgt127         3.969394        37.916574       -24.139767      -11.43319       -12.940142      11.044807       4.017893        -24.491914      10.680107       0.227711        1.798664        44.242938       27.358079       95.130429       20.907852       -23.683086      
rwgt128         5.732482        -27.439415      -22.854333      -0.364144       15.369007       4.898758        1.152544        12.001575       24.129357       -0.850777       21.697582       -4.837097       46.250709       -103.813351     -33.963797      -17.653563      
rwgt129         4.134005        -30.717415      -21.446309      18.113671       3.958483        3.265445        -2.150002       13.510554       17.132557       -0.557633       -7.931454       8.909122        -52.745855      94.577597       -7.892007       14.183          
rwgt130         -2.693182       51.864986       43.934472       -18.388813      4.489483        -1.448975       -2.874863       1.619101        23.597262       -1.069623       7.355903        18.119449       -41.817134      -92.516853      -25.965562      -21.152347      
rwgt131         4.453066        -15.355947      -8.049086       8.209556        7.980258        21.348322       2.39521         18.327653       -11.464519      -0.374562       -8.436954       -28.213382      52.479732       -116.932632     12.074801       -15.896463      
rwgt132         1.465373        -18.984459      50.37745        -10.529633      -19.503632      0.718877        -2.610054       -13.457553      22.952573       -3.451705       -11.666664      10.609808       -52.75536       -129.804907     20.576455       14.96907        
rwgt133         -6.034438       15.431719       14.9929         24.632366       6.802797        -13.177896      -6.402359       -21.851921      11.170907       2.750217        -12.233777      -29.196113      27.315584       24.304347       20.041688       9.647326        
rwgt134         -6.221914       47.930516       15.132331       -24.908479      10.359933       11.699384       -0.95542        24.260469       -23.533433      1.128908        1.215744        -2.910794       -56.245579      -9.541477       13.275351       -24.06893       
rwgt135         8.68516         64.800834       13.846764       -8.808807       18.743657       5.842152        -4.042122       -22.498563      23.976748       1.967605        -3.263838       -26.312235      30.582265       27.793313       -1.449462       23.409967       
rwgt136         8.140593        53.127431       3.398676        -18.706288      6.85879         -15.260769      6.122251        16.516634       21.675253       -3.876371       -23.567464      -11.665917      -2.101897       45.257111       16.559476       -18.779026      
rwgt137         8.54706         -11.843591      14.132255       -14.70419       23.034736       7.405678        -2.797247       -11.473378      -18.813466      2.535636        19.513382       -37.734173      -48.029565      -128.585733     -12.059488      7.763312        
rwgt138         1.806606        -22.875161      -25.524015      18.89462        20.435191       -17.359015      -6.11724        14.62318        5.792057        -0.631039       3.328344        -42.248555      -37.878562      89.518347       16.815784       21.272563       
rwgt139         8.548472        71.24744        -14.957367      -3.609233       19.193614       19.580146       -1.614804       14.218792       22.830096       -3.95849        -24.549321      40.644776       -55.533477      19.928704       -39.657934      7.716956        
rwgt140         5.026622        -0.68796        0.279674        11.702258       -17.329552      18.415675       -1.086751       -21.378701      -5.194419       1.455045        -20.59642       -3.867079       -18.447395      115.061618      -14.491686      0.382892        
rwgt141         -2.264019       24.441991       -26.21595       -5.696652       0.020967        -16.291216      -6.810732       -1.243844       0.608234        -1.690188       -20.20069       -44.58202       39.14211        -61.109168      28.66581        -9.017789       
rwgt142         9.049136        -17.146226      34.999268       -15.356737      11.250874       -11.278499      -4.924529       23.348422       -2.817652       1.724315        -10.989333      47.767371       -13.694265      62.46403        -13.183537      -11.186262      
rwgt143         0.044557        -46.224029      37.612477       -20.209759      18.048583       23.699158       -2.659793       -5.339884       -12.683826      -1.370177       22.831628       -29.21171       40.345699       -78.323686      25.050972       20.000517       
rwgt144         -2.698359       47.069231       6.99806         9.427082        3.820561        14.510454       2.102823        -9.220448       -4.934693       0.319642        -7.817391       44.810948       46.759965       117.508345      -27.326612      -20.580252      
rwgt145         1.194427        -8.549231       52.657248       -14.84124       14.96585        -15.143645      -0.086292       -1.142556       23.827406       -0.10674        -21.51783       -34.74969       25.593255       48.691452       28.08083        -19.476302      
rwgt146         -5.088813       -25.017257      -18.639726      -8.841225       1.776992        16.618247       -6.219694       7.421267        5.650427        0.178002        20.148415       -2.658063       -14.504527      2.351534        9.118035        6.509741        
rwgt147         -3.686099       67.852388       -10.951822      9.707596        18.670657       -22.885789      0.834946        24.771484       -10.262163      -1.1706         22.624961       -3.278556       -5.525171       -125.432858     14.565809       -9.099094       
rwgt148         -7.159398       31.061075       17.612332       6.575196        -5.404655       -10.138109      -5.97654        18.412812       13.063363       -0.468993       -15.258382      -12.012675      14.301454       59.960033       7.937495        -19.206925      
rwgt149         -0.650479       -42.061735      43.893684       16.131406       -17.867638      -8.017203       2.839522        -15.498849      20.803024       -1.833695       22.365504       -45.218911      52.416086       86.670629       0.733434        -23.823941      
rwgt150         -6.511876       16.751656       6.90855         11.088901       1.616048        16.894798       -2.311303       15.990068       -21.02001       -2.526695       12.333348       -20.237228      46.875356       -116.402563     12.803747       -0.322916       
rwgt151         2.341841        -13.204407      5.351962        6.905557        -11.051521      -2.371302       2.831338        -4.785439       -17.693274      -3.053237       8.43248         49.463527       42.314084       -140.327799     -40.235604      -13.475527      
rwgt152         7.178946        -41.777679      -13.043776      -4.551284       -0.549316       7.675797        -5.613496       5.129111        5.7618          -3.886131       4.867826        43.332892       -4.138789       115.278789      -6.215469       -1.608331       
rwgt153         2.937399        -17.722203      -26.082645      7.554871        -24.091601      -8.400153       -0.800758       0.782486        -21.67201       -0.145449       -9.248138       30.403028       11.097073       49.806993       -7.711892       -14.43843       
rwgt154         -3.963664       60.278394       20.874412       -11.439716      -18.86206       -5.340196       3.391514        6.439744        -2.817493       -3.48474        13.743037       38.519374       -40.568738      -134.39825      -37.779849      -21.567351      
rwgt155         2.461586        11.971742       -16.375305      24.202845       11.091493       22.549607       -5.645641       13.457327       -11.871249      -2.789272       -24.89288       -43.591513      -6.360318       -105.838569     7.025616        9.398645        
rwgt156         1.113178        16.207213       39.077073       -4.654641       -16.413348      -3.945721       -5.815799       11.505118       -21.473173      -1.035619       23.24587        -5.009155       -41.029574      10.234785       -40.444248      -23.44955       
rwgt157         8.224948        31.608888       35.81697        -2.266454       -6.921518       23.785598       -6.288207       -17.44547       5.665277        -1.281707       7.832284        41.243562       -41.88664       -87.082755      13.134089       -20.333745      
rwgt158         -5.547017       -22.008768      8.289264        -21.749728      -24.153039      -5.641504       2.109765        20.352628       6.351438        1.421876        -21.297027      22.642502       -21.912112      79.397307       29.088786       -8.06952        
rwgt159         -7.521493       46.174962       21.135068       8.625963        -10.772385      14.891442       -3.231306       -11.036327      10.034448       2.234851        17.04572        6.272705        -18.050223      -35.019681      17.060015       21.463484       
rwgt160         -3.139733       -34.175667      -27.443586      -0.903905       -15.681095      -6.185098       4.985432        -12.783139      9.813868        -1.618732       -3.10942        -48.862505      18.667898       -85.728879      4.447633        21.575595       
rwgt161         4.780269        -29.749272      33.687003       -20.080641      -19.580636      4.489716        3.154494        -20.388408      -1.146108       -1.651056       -3.107259       15.364714       46.664284       -19.016307      -4.087917       19.102173       
rwgt162         2.35842         -18.183035      -7.079422       16.871324       0.905687        1.959103        0.37152         8.534313        3.992436        -2.00888        -9.5372         -49.515809      25.776915       123.722895      31.185841       -16.555337      
rwgt163         -8.936705       36.844983       -15.163629      12.486026       -18.989945      -9.59653        2.482604        11.796019       -17.014969      1.471184        -12.659057      -25.837972      38.205636       127.864903      7.560254        19.832715       
rwgt164         -3.986777       -13.819885      -22.240649      -5.086237       -3.469079       17.529149       -5.437467       -16.281574      -8.138839       -1.01159        -2.034464       -14.300086      -29.359148      -3.007575       16.046167       17.19601        
rwgt165         -5.53038        48.762819       -4.097153       22.23175        -10.609729      16.119374       -2.834837       22.455621       -15.041052      -3.982754       -2.551357       43.631793       16.269611       2.958238        18.85665        -12.620682      
rwgt166         2.791361        -2.290854       5.17449         17.547695       -6.453125       -16.189751      2.844577        -20.033357      -5.81057        -0.886794       23.375924       51.487061       -16.565789      51.052143       -42.085472      -18.712091      
rwgt167         -7.746964       65.770097       -10.177074      8.971206        -1.999791       23.087517       6.939277        19.031633       24.650322       -3.853773       -8.965203       40.837272       -46.649922      94.540646       -42.588121      -1.638002       
rwgt168         4.260004        28.634291       44.786469       -24.853862      23.114656       -16.597767      -0.263295       -22.192084      -14.024388      1.798363        -24.401516      26.256287       -9.674198       124.195169      -8.316386       -0.497614       
rwgt169         8.909063        -17.336002      14.716813       5.719393        -1.334059       -14.068257      2.45348         -16.882138      13.262912       2.610767        13.860081       45.229537       7.743102        -31.73213       26.657482       18.711967       
rwgt170         6.34911         49.564385       28.121437       -8.544322       -23.082909      -6.285538       0.762069        -12.873852      -6.928493       -1.486302       -4.321992       -22.187968      4.292316        -31.170331      4.698755        -18.116356      
rwgt171         -7.534269       55.27674        9.785607        3.718821        -23.176912      22.261048       -6.398046       -4.774837       -16.251411      0.70833         -22.317892      50.203451       18.369498       91.057186       5.881456        -19.723515      
rwgt172         7.761036        -28.447463      9.554627        -14.302642      -17.907618      -20.736566      -2.25959        1.349941        24.795431       2.533103        13.057057       14.232143       27.228973       105.403496      23.21009        12.522869       
rwgt173         -9.458926       48.898128       -14.230221      -12.210317      -9.530786       3.538184        -1.385854       -7.186167       20.0804         2.487252        -7.97976        -50.503572      -36.278743      -35.19578       14.752949       4.501677        
rwgt174         0.656761        75.859858       -18.570822      -7.043071       7.328969        10.18655        2.543495        23.13873        2.388302        0.620149        9.195854        0.72508         38.480585       80.273824       -39.364867      23.81999        
rwgt175         0.826751        -25.682783      46.049827       -2.481136       2.435358        23.275418       -3.0439         -12.310517      -7.872473       0.621341        -0.693919       22.359648       -45.376626      83.178169       -12.806222      -1.779101       
rwgt176         -2.779076       -42.386503      -15.000038      -12.151497      12.700559       -15.498007      5.4399          6.425242        11.447469       1.190833        13.274756       -30.412355      -2.371212       -137.149339     -8.654239       17.498935       
rwgt177         -2.793171       -16.526669      15.992669       -10.248812      3.164752        1.978562        -1.556351       -9.04232        -19.527058      -1.716332       -20.908128      34.925156       -54.120199      -31.777707      -43.33796       11.03128        
rwgt178         -6.838465       -15.158741      42.899937       10.174108       -3.240021       8.680881        -4.59262        23.487121       -24.89075       -2.297708       -17.714419      -13.711169      51.18492        39.289559       -47.745753      -7.49646        
rwgt179         -6.832559       47.897756       -27.412816      13.831712       12.754637       16.435214       4.948102        -1.471751       8.495156        -2.754749       -13.753271      24.245075       6.829863        -98.917767      8.455344        0.571132        
rwgt180         6.398069        7.578394        50.908798       -14.116725      8.998073        -17.192491      -6.56293        18.404724       -19.539763      -2.280899       18.368444       -22.392933      -44.590571      105.530034      5.72614         -19.426771      
rwgt181         8.262302        -16.179629      40.04959        10.995209       -23.487421      5.729304        -3.88001        -13.880439      -15.583193      0.228869        21.741824       -12.524371      -27.108873      26.301722       13.678671       -2.750072       
rwgt182         0.888147        42.620042       -24.638518      -22.795488      -19.008778      -14.287229      -4.232145       -7.088131       -14.015445      1.700718        16.148448       23.518377       -39.813898      -90.244168      6.485632        -8.455202       
rwgt183         0.0             0.0             0.0             0.0             0.0             0.0             0.0             0.0             0.0             0.0             0.0             0.0             0.0             0.0             0.0             0.0             